       1140.60   1.05006e-10
       1141.60   1.09312e-10
       1142.60   1.06442e-10
       1143.60   1.02322e-10
       1144.60   9.94242e-11
       1145.60   1.01864e-10
       1146.60   1.10833e-10
       1147.60   1.05566e-10
       1148.60   1.06569e-10
       1149.65   9.94576e-11
       1150.65   1.05404e-10
       1151.65   1.02259e-10
       1152.65   1.01230e-10
       1153.65   1.00270e-10
       1154.65   1.02469e-10
       1155.65   1.01578e-10
       1156.68   1.00991e-10
       1157.70   9.81176e-11
       1158.70   9.67670e-11
       1159.70   9.96117e-11
       1160.70   1.04121e-10
       1161.70   1.07762e-10
       1162.70   1.04823e-10
       1163.70   1.07988e-10
       1164.73   1.04446e-10
       1165.75   1.00548e-10
       1166.75   1.00530e-10
       1167.75   9.71076e-11
       1168.75   8.92083e-11
       1169.75   8.70054e-11
       1170.75   9.34721e-11
       1171.80   9.31279e-11
       1172.80   9.22327e-11
       1173.80   9.22890e-11
       1174.80   8.39541e-11
       1175.80   7.88019e-11
       1176.80   8.35639e-11
       1177.80   9.13908e-11
       1178.83   9.07397e-11
       1179.85   8.87367e-11
       1180.85   9.25823e-11
       1181.85   9.33009e-11
       1182.85   8.76231e-11
       1183.85   8.78031e-11
       1184.88   8.43461e-11
       1185.90   8.54267e-11
       1186.90   8.63269e-11
       1187.90   8.46062e-11
       1188.90   8.59453e-11
       1189.90   8.33627e-11
       1190.90   8.16489e-11
       1191.93   8.60679e-11
       1192.95   7.94411e-11
       1193.95   7.71707e-11
       1194.95   7.87192e-11
       1195.95   7.51761e-11
       1196.95   7.97103e-11
       1197.98   7.84851e-11
       1199.00   7.37190e-11
       1200.00   6.80138e-11
       1201.00   6.73305e-11
       1202.00   7.41298e-11
       1203.00   7.85218e-11
       1204.00   7.99120e-11
       1205.05   8.06565e-11
       1206.05   8.04576e-11
       1207.05   7.85641e-11
       1208.05   7.94804e-11
       1209.05   7.76074e-11
       1210.08   7.60501e-11
       1211.10   7.80848e-11
       1212.10   7.21972e-11
       1213.10   6.25398e-11
       1214.10   4.61783e-11
       1215.10   2.69611e-11
       1216.12   2.10479e-11
       1217.15   3.89628e-11
       1218.15   5.98583e-11
       1219.15   7.25003e-11
       1220.15   7.77922e-11
       1221.15   7.85486e-11
       1222.20   7.67332e-11
       1223.20   7.94627e-11
       1224.20   8.13290e-11
       1225.20   7.98352e-11
       1226.20   8.28362e-11
       1227.20   8.22045e-11
       1228.25   7.79884e-11
       1229.25   7.73166e-11
       1230.25   7.67233e-11
       1231.25   7.69814e-11
       1232.25   7.39569e-11
       1233.28   6.75808e-11
       1234.30   6.88183e-11
       1235.30   7.46565e-11
       1236.30   7.11107e-11
       1237.30   6.34574e-11
       1238.30   5.31429e-11
       1239.33   5.36534e-11
       1240.35   6.30544e-11
       1241.35   6.04933e-11
       1242.35   5.18355e-11
       1243.35   5.35433e-11
       1244.38   6.18180e-11
       1245.40   6.52458e-11
       1246.40   7.14433e-11
       1247.40   6.98542e-11
       1248.40   6.86751e-11
       1249.40   6.89437e-11
       1250.45   6.59892e-11
       1251.45   6.84583e-11
       1252.45   6.52722e-11
       1253.45   6.25135e-11
       1254.45   6.66072e-11
       1255.48   7.18429e-11
       1256.50   7.00235e-11
       1257.50   6.89469e-11
       1258.50   6.93695e-11
       1259.50   6.80061e-11
       1260.50   6.37972e-11
       1261.55   6.54608e-11
       1262.55   7.26048e-11
       1263.55   7.29664e-11
       1264.55   7.17272e-11
       1265.55   7.05754e-11
       1266.60   6.76907e-11
       1267.60   6.58645e-11
       1268.60   6.75888e-11
       1269.60   6.77256e-11
       1270.60   6.67178e-11
       1271.62   6.73607e-11
       1272.65   6.62320e-11
       1273.65   6.74855e-11
       1274.65   7.12239e-11
       1275.65   7.39447e-11
       1276.68   6.82772e-11
       1277.70   7.20061e-11
       1278.70   7.20738e-11
       1279.70   6.86929e-11
       1280.70   6.99419e-11
       1281.70   6.93396e-11
       1282.75   6.86048e-11
       1283.75   6.69508e-11
       1284.75   6.78508e-11
       1285.75   7.12231e-11
       1286.75   6.90890e-11
       1287.80   6.64905e-11
       1288.80   7.16686e-11
       1289.80   7.31953e-11
       1290.80   7.48017e-11
       1291.80   7.57457e-11
       1292.80   7.56137e-11
       1293.85   7.72179e-11
       1294.85   7.64877e-11
       1295.85   7.07404e-11
       1296.85   6.92667e-11
       1297.85   7.21367e-11
       1298.90   7.41837e-11
       1299.90   7.28298e-11
       1300.90   6.58927e-11
       1301.90   6.54925e-11
       1302.90   6.60592e-11
       1303.93   6.75704e-11
       1304.95   6.51595e-11
       1305.95   6.26902e-11
       1306.95   6.42997e-11
       1307.95   6.76134e-11
       1308.98   6.54924e-11
       1310.00   6.20751e-11
       1311.00   6.30311e-11
       1312.00   6.30363e-11
       1313.00   6.33654e-11
       1314.00   6.38215e-11
       1315.05   6.06484e-11
       1316.05   6.24006e-11
       1317.05   6.21416e-11
       1318.05   5.81255e-11
       1319.05   6.17296e-11
       1320.10   6.35812e-11
       1321.10   6.23762e-11
       1322.10   6.57647e-11
       1323.10   6.54554e-11
       1324.10   6.36517e-11
       1325.10   6.65754e-11
       1326.15   7.06339e-11
       1327.15   6.88755e-11
       1328.15   6.84695e-11
       1329.15   6.58263e-11
       1330.15   6.36514e-11
       1331.20   6.27401e-11
       1332.20   6.44243e-11
       1333.20   6.25743e-11
       1334.20   6.02612e-11
       1335.20   5.99382e-11
       1336.23   6.09845e-11
       1337.25   6.23522e-11
       1338.25   6.30941e-11
       1339.25   6.15520e-11
       1340.25   6.18740e-11
       1341.25   6.53353e-11
       1342.30   6.64175e-11
       1343.30   5.95646e-11
       1344.30   6.10401e-11
       1345.30   6.22506e-11
       1346.30   6.09067e-11
       1347.30   6.04028e-11
       1348.35   6.04859e-11
       1349.35   5.99760e-11
       1350.35   5.72343e-11
       1351.35   5.93837e-11
       1352.35   6.14728e-11
       1353.38   6.21626e-11
       1354.40   6.29483e-11
       1355.40   5.97427e-11
       1356.40   5.85758e-11
       1357.40   5.68092e-11
       1358.40   5.77789e-11
       1359.43   5.68223e-11
       1360.45   5.85052e-11
       1361.45   5.46599e-11
       1362.45   5.25786e-11
       1363.45   5.29987e-11
       1364.45   5.69885e-11
       1365.50   5.42174e-11
       1366.50   5.98727e-11
       1367.50   6.21151e-11
       1368.50   6.23596e-11
       1369.50   6.16668e-11
       1370.50   5.74417e-11
       1371.55   5.28280e-11
       1372.55   5.60710e-11
       1373.55   5.31723e-11
       1374.55   5.11551e-11
       1375.55   5.47198e-11
       1376.55   5.52881e-11
       1377.60   5.68169e-11
       1378.60   5.45292e-11
       1379.60   5.54019e-11
       1380.60   6.02036e-11
       1381.60   6.18208e-11
       1382.60   6.09976e-11
       1383.62   6.00021e-11
       1384.65   5.59774e-11
       1385.65   5.47019e-11
       1386.65   5.28219e-11
       1387.65   4.93023e-11
       1388.65   5.10523e-11
       1389.65   5.74358e-11
       1390.70   5.94994e-11
       1391.70   5.97187e-11
       1392.70   5.64539e-11
       1393.70   5.24862e-11
       1394.70   5.16617e-11
       1395.70   5.65825e-11
       1396.73   5.50071e-11
       1397.75   5.30319e-11
       1398.75   5.76682e-11
       1399.75   5.86499e-11
       1400.75   5.51075e-11
       1401.75   5.45846e-11
       1402.75   5.08451e-11
       1403.78   5.52405e-11
       1404.80   5.63511e-11
       1405.80   5.64645e-11
       1406.80   5.01801e-11
       1407.80   4.89299e-11
       1408.80   4.76095e-11
       1409.80   4.64344e-11
       1410.80   5.41273e-11
       1411.85   5.48846e-11
       1412.85   6.04606e-11
       1413.85   5.83598e-11
       1414.85   5.35053e-11
       1415.85   5.30909e-11
       1416.85   5.28685e-11
       1417.85   5.33538e-11
       1418.90   5.13834e-11
       1419.90   4.77146e-11
       1420.90   4.78918e-11
       1421.90   5.31360e-11
       1422.90   5.34994e-11
       1423.90   5.55248e-11
       1424.90   5.42015e-11
       1425.90   5.18852e-11
       1426.93   5.14500e-11
       1427.95   5.02102e-11
       1428.95   5.16671e-11
       1429.95   4.71187e-11
       1430.95   4.74207e-11
       1431.95   5.12836e-11
       1432.95   5.22407e-11
       1433.95   5.37327e-11
       1434.97   5.32241e-11
       1436.00   5.35205e-11
       1437.00   5.28403e-11
       1438.00   4.92122e-11
       1439.00   4.84198e-11
       1440.00   4.78129e-11
       1441.00   4.59775e-11
       1442.00   4.98201e-11
       1443.00   4.90958e-11
       1444.00   5.12466e-11
       1445.05   4.94195e-11
       1446.05   4.64505e-11
       1447.05   4.68452e-11
       1448.05   4.85486e-11
       1449.05   4.54986e-11
       1450.05   4.61987e-11
       1451.05   4.77611e-11
       1452.05   4.58683e-11
       1453.05   4.38963e-11
       1454.05   4.59818e-11
       1455.10   4.55353e-11
       1456.10   4.52097e-11
       1457.10   4.84368e-11
       1458.10   4.86936e-11
       1459.10   4.74639e-11
       1460.10   4.49251e-11
       1461.10   4.61989e-11
       1462.10   4.87577e-11
       1463.10   4.87791e-11
       1464.10   4.89016e-11
       1465.10   4.59545e-11
       1466.10   4.68597e-11
       1467.15   4.65362e-11
       1468.15   4.68771e-11
       1469.15   4.69127e-11
       1470.15   4.97547e-11
       1471.15   4.92535e-11
       1472.15   4.57419e-11
       1473.15   4.64221e-11
       1474.15   5.01881e-11
       1475.15   4.79436e-11
       1476.15   4.56690e-11
       1477.15   4.62369e-11
       1478.15   4.66371e-11
       1479.15   4.61704e-11
       1480.15   4.68523e-11
       1481.18   4.77692e-11
       1482.20   4.70259e-11
       1483.20   4.45290e-11
       1484.20   4.51752e-11
       1485.20   4.41346e-11
       1486.20   4.48848e-11
       1487.20   4.50855e-11
       1488.20   4.70494e-11
       1489.20   4.60553e-11
       1490.20   4.30902e-11
       1491.20   4.42077e-11
       1492.20   4.56947e-11
       1493.20   4.63396e-11
       1494.20   4.68474e-11
       1495.20   4.61017e-11
       1496.20   4.52992e-11
       1497.20   4.56517e-11
       1498.20   4.30473e-11
       1499.20   4.15336e-11
       1500.20   4.35499e-11
       1501.20   4.52238e-11
       1502.20   4.24554e-11
       1503.20   4.33277e-11
       1504.20   4.30555e-11
       1505.20   4.59904e-11
       1506.20   4.80892e-11
       1507.25   4.73727e-11
       1508.25   4.75415e-11
       1509.25   4.91403e-11
       1510.25   4.82995e-11
       1511.25   4.63707e-11
       1512.25   4.61029e-11
       1513.25   4.67298e-11
       1514.25   4.68727e-11
       1515.25   4.69564e-11
       1516.25   4.58961e-11
       1517.25   4.57638e-11
       1518.25   4.68137e-11
       1519.25   4.43185e-11
       1520.25   4.39220e-11
       1521.25   4.61993e-11
       1522.25   4.79682e-11
       1523.25   4.75396e-11
       1524.25   4.44799e-11
       1525.25   4.31530e-11
       1526.25   4.32326e-11
       1527.25   4.08493e-11
       1528.25   4.24265e-11
       1529.25   4.45238e-11
       1530.25   4.26854e-11
       1531.25   4.36185e-11
       1532.25   4.09702e-11
       1533.23   3.90563e-11
       1534.20   4.12987e-11
       1535.20   4.35860e-11
       1536.20   4.55188e-11
       1537.20   4.49894e-11
       1538.20   4.38481e-11
       1539.20   4.30712e-11
       1540.20   4.52616e-11
       1541.20   4.53382e-11
       1542.20   4.34481e-11
       1543.20   3.98819e-11
       1544.20   4.03995e-11
       1545.20   4.18744e-11
       1546.20   4.31549e-11
       1547.20   4.21002e-11
       1548.20   3.85874e-11
       1549.20   4.03530e-11
       1550.20   4.08941e-11
       1551.20   3.88081e-11
       1552.20   4.13488e-11
       1553.20   4.10603e-11
       1554.20   4.18574e-11
       1555.20   4.17440e-11
       1556.18   4.25351e-11
       1557.15   4.16400e-11
       1558.15   4.02442e-11
       1559.15   4.13871e-11
       1560.15   4.08239e-11
       1561.15   4.07099e-11
       1562.15   4.14586e-11
       1563.15   3.99864e-11
       1564.15   3.93637e-11
       1565.15   3.99782e-11
       1566.15   3.98542e-11
       1567.15   3.87640e-11
       1568.15   4.02259e-11
       1569.12   3.92512e-11
       1570.10   3.96724e-11
       1571.10   3.99844e-11
       1572.10   4.06772e-11
       1573.10   4.18269e-11
       1574.10   4.23381e-11
       1575.10   4.02425e-11
       1576.10   3.89063e-11
       1577.10   4.05079e-11
       1578.10   4.04208e-11
       1579.07   3.99336e-11
       1580.05   4.00527e-11
       1581.05   4.11297e-11
       1582.43   3.98290e-11
       1583.88   3.80380e-11
       1585.35   3.93053e-11
       1586.83   4.07869e-11
       1588.28   4.04439e-11
       1589.75   3.97990e-11
       1591.23   3.82950e-11
       1592.68   3.86227e-11
       1594.15   3.94238e-11
       1595.63   3.89903e-11
       1597.08   3.83186e-11
       1598.58   3.79729e-11
       1600.05   3.88651e-11
       1601.53   3.74058e-11
       1602.98   3.76497e-11
       1604.45   3.71068e-11
       1605.93   3.60737e-11
       1607.38   3.61121e-11
       1608.85   3.49769e-11
       1610.33   3.43735e-11
       1611.78   3.56884e-11
       1613.25   3.51421e-11
       1614.73   3.45532e-11
       1616.18   3.52806e-11
       1617.65   3.53370e-11
       1619.13   3.52492e-11
       1620.58   3.52264e-11
       1622.05   3.58714e-11
       1623.53   3.58280e-11
       1625.03   3.49836e-11
       1626.48   3.45290e-11
       1627.95   3.49541e-11
       1629.43   3.46192e-11
       1630.88   3.38560e-11
       1632.35   3.49225e-11
       1633.83   3.54479e-11
       1635.28   3.51724e-11
       1636.75   3.36761e-11
       1638.23   3.06055e-11
       1639.70   2.70664e-11
       1641.18   2.79634e-11
       1642.65   3.12021e-11
       1644.13   3.34445e-11
       1645.58   3.49627e-11
       1647.05   3.58090e-11
       1648.53   3.58788e-11
       1649.98   3.58323e-11
       1651.45   3.50067e-11
       1652.93   3.42310e-11
       1654.43   3.47677e-11
       1655.88   3.38177e-11
       1657.35   3.33852e-11
       1658.83   3.38610e-11
       1660.28   3.43817e-11
       1661.75   3.44823e-11
       1663.23   3.44950e-11
       1664.70   3.48391e-11
       1666.18   3.53192e-11
       1667.65   3.48495e-11
       1669.13   3.41827e-11
       1670.58   3.27152e-11
       1672.05   3.24184e-11
       1673.53   3.35357e-11
       1675.00   3.48373e-11
       1676.48   3.47471e-11
       1677.95   3.60496e-11
       1679.43   3.59707e-11
       1680.88   3.47741e-11
       1682.35   3.51513e-11
       1683.83   3.55240e-11
       1685.33   3.48886e-11
       1686.78   3.32905e-11
       1688.25   3.35054e-11
       1689.73   3.39529e-11
       1691.18   3.43714e-11
       1692.65   3.46043e-11
       1694.15   3.35076e-11
       1695.63   3.28505e-11
       1697.08   3.24134e-11
       1698.55   3.14043e-11
       1700.03   3.13714e-11
       1701.50   3.18775e-11
       1702.98   3.24964e-11
       1704.45   3.24467e-11
       1705.93   3.26529e-11
       1707.38   3.23935e-11
       1708.85   3.26920e-11
       1710.33   3.23442e-11
       1711.83   3.20099e-11
       1713.28   3.20221e-11
       1714.75   3.16982e-11
       1716.23   2.97452e-11
       1717.70   2.56929e-11
       1719.18   2.63827e-11
       1720.65   2.89364e-11
       1722.13   2.93569e-11
       1723.58   2.96264e-11
       1725.05   3.00093e-11
       1726.55   3.05650e-11
       1728.03   3.07796e-11
       1729.48   2.97848e-11
       1730.95   2.99053e-11
       1732.43   3.09946e-11
       1733.93   3.16776e-11
       1735.38   3.16632e-11
       1736.85   3.14383e-11
       1738.33   3.11231e-11
       1739.80   3.09197e-11
       1741.28   3.07238e-11
       1742.75   3.11758e-11
       1744.23   3.17232e-11
       1745.68   3.12240e-11
       1747.15   3.00236e-11
       1748.65   3.03029e-11
       1750.13   3.00179e-11
       1751.58   2.90905e-11
       1753.05   3.05045e-11
       1754.55   3.06086e-11
       1756.03   3.04955e-11
       1757.48   3.04724e-11
       1758.95   3.03007e-11
       1760.43   2.98922e-11
       1761.93   2.98647e-11
       1763.38   3.00722e-11
       1764.85   2.95926e-11
       1766.33   2.94583e-11
       1767.80   2.95973e-11
       1769.28   3.00718e-11
       1770.75   2.99443e-11
       1772.23   3.02322e-11
       1773.68   3.00619e-11
       1775.18   2.99163e-11
       1776.65   2.96157e-11
       1778.13   2.98818e-11
       1779.58   2.95753e-11
       1781.08   2.94895e-11
       1782.55   2.92100e-11
       1784.03   2.91719e-11
       1785.27   2.89390e-11
       1786.64   2.91640e-11
       1788.01   2.91790e-11
       1789.39   2.89680e-11
       1790.76   2.85860e-11
       1792.13   2.83280e-11
       1793.50   2.83870e-11
       1794.88   2.83560e-11
       1796.25   2.82000e-11
       1797.62   2.81120e-11
       1798.99   2.80040e-11
       1800.36   2.80110e-11
       1801.74   2.76590e-11
       1803.11   2.73590e-11
       1804.48   2.71180e-11
       1805.85   2.71060e-11
       1807.23   2.71000e-11
       1808.60   2.69060e-11
       1809.97   2.70660e-11
       1811.34   2.70910e-11
       1812.72   2.72490e-11
       1814.09   2.73890e-11
       1815.46   2.75750e-11
       1816.83   2.74640e-11
       1818.21   2.71670e-11
       1819.58   2.72110e-11
       1820.95   2.73160e-11
       1822.32   2.71160e-11
       1823.70   2.70850e-11
       1825.07   2.67740e-11
       1826.44   2.66350e-11
       1827.81   2.67860e-11
       1829.19   2.70010e-11
       1830.56   2.73130e-11
       1831.93   2.75080e-11
       1833.30   2.73620e-11
       1834.68   2.71410e-11
       1836.05   2.68780e-11
       1837.42   2.64510e-11
       1838.79   2.61840e-11
       1840.17   2.60920e-11
       1841.54   2.60100e-11
       1842.91   2.59270e-11
       1844.28   2.55420e-11
       1845.66   2.52510e-11
       1847.03   2.57500e-11
       1848.40   2.58460e-11
       1849.78   2.55650e-11
       1851.15   2.54180e-11
       1852.52   2.53140e-11
       1853.89   2.53370e-11
       1855.27   2.55590e-11
       1856.64   2.55340e-11
       1858.01   2.54840e-11
       1859.39   2.54010e-11
       1860.76   2.50510e-11
       1862.13   2.51820e-11
       1863.50   2.55460e-11
       1864.88   2.58840e-11
       1866.25   2.58840e-11
       1867.62   2.54930e-11
       1869.00   2.52950e-11
       1870.37   2.54100e-11
       1871.74   2.50880e-11
       1873.11   2.48740e-11
       1874.49   2.47820e-11
       1875.86   2.50780e-11
       1877.23   2.53620e-11
       1878.61   2.52890e-11
       1879.98   2.51530e-11
       1881.35   2.49640e-11
       1882.72   2.42640e-11
       1884.10   2.37550e-11
       1885.47   2.42130e-11
       1886.84   2.45910e-11
       1888.22   2.49200e-11
       1889.59   2.48650e-11
       1890.96   2.48740e-11
       1892.34   2.49100e-11
       1893.71   2.47720e-11
       1895.08   2.46930e-11
       1896.45   2.43980e-11
       1897.83   2.44280e-11
       1899.20   2.42720e-11
       1900.57   2.44560e-11
       1901.95   2.43540e-11
       1903.32   2.42690e-11
       1904.69   2.39630e-11
       1906.07   2.36640e-11
       1907.44   2.35130e-11
       1908.81   2.38000e-11
       1910.19   2.39520e-11
       1911.56   2.39980e-11
       1912.93   2.37730e-11
       1914.31   2.37540e-11
       1915.68   2.36980e-11
       1917.05   2.34310e-11
       1918.43   2.28360e-11
       1919.80   2.26670e-11
       1921.17   2.31580e-11
       1922.55   2.34200e-11
       1923.92   2.33160e-11
       1925.29   2.32680e-11
       1926.67   2.32470e-11
       1928.04   2.29560e-11
       1929.41   2.28030e-11
       1930.79   2.31030e-11
       1932.16   2.31150e-11
       1933.53   2.31760e-11
       1934.91   2.31190e-11
       1936.28   2.30410e-11
       1937.65   2.28850e-11
       1939.03   2.28900e-11
       1940.40   2.29830e-11
       1941.77   2.30580e-11
       1943.15   2.25970e-11
       1944.52   2.22170e-11
       1945.89   2.21320e-11
       1947.27   2.22800e-11
       1948.64   2.24500e-11
       1950.01   2.23810e-11
       1951.39   2.23270e-11
       1952.76   2.22960e-11
       1954.13   2.20280e-11
       1955.51   2.20510e-11
       1956.88   2.20390e-11
       1958.25   2.19900e-11
       1959.63   2.20540e-11
       1961.00   2.19920e-11
       1962.37   2.19630e-11
       1963.75   2.19820e-11
       1965.12   2.17650e-11
       1966.49   2.16990e-11
       1967.87   2.17190e-11
       1969.24   2.18130e-11
       1970.62   2.17560e-11
       1971.99   2.15620e-11
       1973.36   2.16680e-11
       1974.74   2.13870e-11
       1976.11   2.14260e-11
       1977.48   2.14140e-11
       1978.86   2.13640e-11
       1980.23   2.12720e-11
       1981.60   2.11890e-11
       1982.98   2.10440e-11
       1984.35   2.10160e-11
       1985.73   2.10940e-11
       1987.10   2.11060e-11
       1988.47   2.09490e-11
       1989.85   2.08710e-11
       1991.22   2.08160e-11
       1992.59   2.07520e-11
       1993.97   2.08400e-11
       1995.34   2.08990e-11
       1996.72   2.08480e-11
       1998.09   2.08780e-11
       1999.46   2.09020e-11
       2000.84   2.09400e-11
       2002.21   2.07740e-11
       2003.58   2.07370e-11
       2004.96   2.06610e-11
       2006.33   2.04980e-11
       2007.71   2.04130e-11
       2009.08   2.04360e-11
       2010.45   2.03550e-11
       2011.83   2.03700e-11
       2013.20   2.03310e-11
       2014.57   2.03240e-11
       2015.95   2.04500e-11
       2017.32   2.03560e-11
       2018.70   2.03130e-11
       2020.07   2.03340e-11
       2021.44   2.03070e-11
       2022.82   2.01930e-11
       2024.19   1.99880e-11
       2025.57   1.99240e-11
       2026.94   1.97080e-11
       2028.31   1.97620e-11
       2029.69   1.97940e-11
       2031.06   1.97730e-11
       2032.43   1.97890e-11
       2033.81   1.96760e-11
       2035.18   1.93350e-11
       2036.56   1.92760e-11
       2037.93   1.93850e-11
       2039.30   1.93370e-11
       2040.68   1.93950e-11
       2042.05   1.94020e-11
       2043.43   1.93610e-11
       2044.80   1.93510e-11
       2046.17   1.91560e-11
       2047.55   1.91250e-11
       2048.92   1.90460e-11
       2050.30   1.91200e-11
       2051.67   1.90480e-11
       2053.04   1.89300e-11
       2054.42   1.88830e-11
       2055.79   1.88100e-11
       2057.17   1.88360e-11
       2058.54   1.88070e-11
       2059.91   1.88930e-11
       2061.29   1.86330e-11
       2062.66   1.82300e-11
       2064.04   1.78760e-11
       2065.41   1.78440e-11
       2066.78   1.79680e-11
       2068.16   1.80500e-11
       2069.53   1.82580e-11
       2070.91   1.83220e-11
       2072.28   1.83590e-11
       2073.66   1.83850e-11
       2075.03   1.84340e-11
       2076.40   1.84380e-11
       2077.78   1.82840e-11
       2079.15   1.78160e-11
       2080.53   1.77000e-11
       2081.90   1.78470e-11
       2083.27   1.79110e-11
       2084.65   1.79910e-11
       2086.02   1.79360e-11
       2087.40   1.78830e-11
       2088.77   1.78820e-11
       2090.14   1.79290e-11
       2091.52   1.77900e-11
       2092.89   1.77950e-11
       2094.27   1.78090e-11
       2095.64   1.77440e-11
       2097.02   1.76980e-11
       2098.39   1.75370e-11
       2099.76   1.74220e-11
       2101.14   1.72320e-11
       2102.51   1.71930e-11
       2103.89   1.70720e-11
       2105.26   1.72020e-11
       2106.64   1.71990e-11
       2108.01   1.71790e-11
       2109.38   1.72600e-11
       2110.76   1.73960e-11
       2112.13   1.72830e-11
       2113.51   1.71070e-11
       2114.88   1.69330e-11
       2116.25   1.69640e-11
       2117.63   1.70060e-11
       2119.00   1.69650e-11
       2120.38   1.69210e-11
       2121.75   1.68280e-11
       2123.13   1.68490e-11
       2124.50   1.66870e-11
       2125.87   1.67330e-11
       2127.25   1.68790e-11
       2128.62   1.67880e-11
       2130.00   1.67410e-11
       2131.37   1.65640e-11
       2132.75   1.62680e-11
       2134.12   1.62180e-11
       2135.49   1.62410e-11
       2136.87   1.64070e-11
       2138.24   1.65870e-11
       2139.62   1.66340e-11
       2140.99   1.67020e-11
       2142.37   1.66210e-11
       2143.74   1.63520e-11
       2145.12   1.60980e-11
       2146.49   1.55640e-11
       2147.86   1.53830e-11
       2149.24   1.53400e-11
       2150.61   1.55780e-11
       2151.99   1.60210e-11
       2153.36   1.63430e-11
       2154.74   1.65350e-11
       2156.11   1.65190e-11
       2157.48   1.64290e-11
       2158.86   1.61420e-11
       2160.23   1.58090e-11
       2161.61   1.55380e-11
       2162.98   1.52250e-11
       2164.36   1.48750e-11
       2165.73   1.49070e-11
       2167.11   1.51990e-11
       2168.48   1.55830e-11
       2169.85   1.59510e-11
       2171.23   1.60830e-11
       2172.60   1.62480e-11
       2173.98   1.63520e-11
       2175.35   1.64020e-11
       2176.73   1.63450e-11
       2178.10   1.61200e-11
       2179.48   1.59980e-11
       2180.85   1.56740e-11
       2182.22   1.53110e-11
       2183.60   1.48280e-11
       2184.97   1.42850e-11
       2186.35   1.37980e-11
       2187.72   1.38010e-11
       2189.10   1.43040e-11
       2190.47   1.47750e-11
       2191.85   1.52010e-11
       2193.22   1.55280e-11
       2194.59   1.57190e-11
       2195.97   1.59410e-11
       2197.34   1.59860e-11
       2198.72   1.60400e-11
       2200.09   1.60950e-11
       2201.47   1.59970e-11
       2202.84   1.59040e-11
       2204.22   1.57710e-11
       2205.59   1.55150e-11
       2206.97   1.52040e-11
       2208.34   1.50000e-11
       2209.71   1.46570e-11
       2211.09   1.40870e-11
       2212.46   1.33700e-11
       2213.84   1.27470e-11
       2215.21   1.25820e-11
       2216.59   1.31020e-11
       2217.96   1.38120e-11
       2219.34   1.42210e-11
       2220.71   1.46740e-11
       2222.08   1.51260e-11
       2223.46   1.52710e-11
       2224.83   1.53120e-11
       2226.21   1.52790e-11
       2227.58   1.52260e-11
       2228.96   1.51190e-11
       2230.33   1.51580e-11
       2231.71   1.52530e-11
       2233.08   1.53460e-11
       2234.46   1.53180e-11
       2235.83   1.52160e-11
       2237.21   1.52360e-11
       2238.58   1.51880e-11
       2239.95   1.51620e-11
       2241.33   1.50470e-11
       2242.70   1.48750e-11
       2244.08   1.46520e-11
       2245.45   1.43200e-11
       2246.83   1.39340e-11
       2248.20   1.33800e-11
       2249.58   1.27840e-11
       2250.95   1.20590e-11
       2252.33   1.14880e-11
       2253.70   1.16430e-11
       2255.07   1.23200e-11
       2256.45   1.30270e-11
       2257.82   1.35860e-11
       2259.20   1.40150e-11
       2260.57   1.41960e-11
       2261.95   1.43260e-11
       2263.32   1.44760e-11
       2264.70   1.45770e-11
       2266.07   1.45440e-11
       2267.45   1.45330e-11
       2268.82   1.46480e-11
       2270.19   1.46590e-11
       2271.57   1.45770e-11
       2272.94   1.45170e-11
       2274.32   1.44790e-11
       2275.69   1.45040e-11
       2277.07   1.44020e-11
       2278.44   1.42780e-11
       2279.82   1.43260e-11
       2281.19   1.43940e-11
       2282.57   1.43820e-11
       2283.94   1.42500e-11
       2285.32   1.40970e-11
       2286.69   1.39390e-11
       2288.06   1.39590e-11
       2289.44   1.39770e-11
       2290.81   1.40480e-11
       2292.19   1.39860e-11
       2293.56   1.38790e-11
       2294.94   1.37530e-11
       2296.31   1.35130e-11
       2297.69   1.33230e-11
       2299.06   1.31240e-11
       2300.44   1.28910e-11
       2301.81   1.24620e-11
       2303.19   1.18230e-11
       2304.56   1.09460e-11
       2305.93   1.02740e-11
       2307.31   1.05020e-11
       2308.68   1.12110e-11
       2310.06   1.18800e-11
       2311.43   1.24940e-11
       2312.81   1.28470e-11
       2314.18   1.30420e-11
       2315.56   1.30660e-11
       2316.93   1.30030e-11
       2318.31   1.28470e-11
       2319.68   1.30410e-11
       2321.06   1.31570e-11
       2322.43   1.32130e-11
       2323.80   1.33200e-11
       2325.18   1.34230e-11
       2326.55   1.34460e-11
       2327.93   1.33490e-11
       2329.30   1.33000e-11
       2330.68   1.33080e-11
       2332.05   1.33410e-11
       2333.43   1.31940e-11
       2334.80   1.31170e-11
       2336.18   1.32430e-11
       2337.55   1.32920e-11
       2338.93   1.32130e-11
       2340.30   1.31790e-11
       2341.67   1.30270e-11
       2343.05   1.27000e-11
       2344.42   1.26210e-11
       2345.80   1.28870e-11
       2347.17   1.29740e-11
       2348.55   1.29770e-11
       2349.92   1.28320e-11
       2351.30   1.27810e-11
       2352.67   1.28120e-11
       2354.05   1.28670e-11
       2355.42   1.28300e-11
       2356.80   1.27710e-11
       2358.17   1.26670e-11
       2359.54   1.26650e-11
       2360.92   1.26460e-11
       2362.29   1.25900e-11
       2363.67   1.24780e-11
       2365.04   1.23800e-11
       2366.42   1.22430e-11
       2367.79   1.22300e-11
       2369.17   1.22870e-11
       2370.54   1.22680e-11
       2371.92   1.22210e-11
       2373.29   1.20270e-11
       2374.67   1.18660e-11
       2376.04   1.18620e-11
       2377.41   1.17220e-11
       2378.79   1.14130e-11
       2380.16   1.10490e-11
       2381.54   1.03300e-11
       2382.91   9.52510e-12
       2384.29   9.03650e-12
       2385.66   8.84800e-12
       2387.04   9.27430e-12
       2388.41   1.00290e-11
       2389.79   1.05180e-11
       2391.16   1.09590e-11
       2392.53   1.11240e-11
       2393.91   1.12960e-11
       2395.28   1.13530e-11
       2396.66   1.13240e-11
       2398.03   1.13090e-11
       2399.41   1.13020e-11
       2400.78   1.13850e-11
       2402.16   1.13800e-11
       2403.53   1.13910e-11
       2404.91   1.15340e-11
       2406.28   1.15260e-11
       2407.66   1.14940e-11
       2409.03   1.14360e-11
       2410.40   1.14100e-11
       2411.78   1.13300e-11
       2413.15   1.11410e-11
       2414.53   1.11920e-11
       2415.90   1.13030e-11
       2417.28   1.14010e-11
       2418.65   1.14140e-11
       2420.03   1.13130e-11
       2421.40   1.12350e-11
       2422.78   1.11360e-11
       2424.15   1.11120e-11
       2425.52   1.11780e-11
       2426.90   1.11960e-11
       2428.27   1.11900e-11
       2429.65   1.11520e-11
       2431.02   1.09970e-11
       2432.40   1.10010e-11
       2433.77   1.10800e-11
       2435.15   1.11470e-11
       2436.52   1.11840e-11
       2437.89   1.12040e-11
       2439.27   1.11630e-11
       2440.64   1.11220e-11
       2442.02   1.10550e-11
       2443.39   1.10880e-11
       2444.77   1.10780e-11
       2446.14   1.09420e-11
       2447.52   1.09400e-11
       2448.89   1.09380e-11
       2450.27   1.09560e-11
       2451.64   1.09460e-11
       2453.01   1.09020e-11
       2454.39   1.09290e-11
       2455.76   1.08840e-11
       2457.14   1.08200e-11
       2458.51   1.07750e-11
       2459.89   1.07710e-11
       2461.26   1.08170e-11
       2462.64   1.08450e-11
       2464.01   1.08340e-11
       2465.38   1.07530e-11
       2466.76   1.06610e-11
       2468.13   1.05380e-11
       2469.51   1.04590e-11
       2470.88   1.05070e-11
       2472.26   1.05920e-11
       2473.63   1.06330e-11
       2475.01   1.06450e-11
       2476.38   1.05930e-11
       2477.75   1.04330e-11
       2479.13   1.05010e-11
       2480.50   1.05370e-11
       2481.88   1.05240e-11
       2483.25   1.05120e-11
       2484.63   1.04900e-11
       2486.00   1.04600e-11
       2487.37   1.04430e-11
       2488.75   1.04190e-11
       2490.12   1.04070e-11
       2491.50   1.04250e-11
       2492.87   1.03180e-11
       2494.25   1.02340e-11
       2495.62   1.02560e-11
       2497.00   1.02360e-11
       2498.37   1.02170e-11
       2499.74   1.01280e-11
       2501.12   1.00930e-11
       2502.49   9.93810e-12
       2503.87   9.75930e-12
       2505.24   9.54890e-12
       2506.62   9.17800e-12
       2507.99   8.71150e-12
       2509.36   8.09030e-12
       2510.74   7.48130e-12
       2512.11   7.36140e-12
       2513.49   7.96520e-12
       2514.86   8.55370e-12
       2516.24   8.94000e-12
       2517.61   9.15690e-12
       2518.98   9.44020e-12
       2520.36   9.65670e-12
       2521.73   9.81200e-12
       2523.11   9.84450e-12
       2524.48   9.85550e-12
       2525.86   9.91620e-12
       2527.23   9.89770e-12
       2528.60   9.88660e-12
       2529.98   9.83870e-12
       2531.35   9.79910e-12
       2532.73   9.89870e-12
       2534.10   9.89730e-12
       2535.48   9.90730e-12
       2536.85   9.86750e-12
       2538.22   9.82000e-12
       2539.60   9.83700e-12
       2540.97   9.83460e-12
       2542.35   9.82180e-12
       2543.72   9.76730e-12
       2545.09   9.74650e-12
       2546.47   9.69170e-12
       2547.84   9.63940e-12
       2549.22   9.64540e-12
       2550.59   9.66790e-12
       2551.97   9.66940e-12
       2553.34   9.60990e-12
       2554.71   9.60180e-12
       2556.09   9.59190e-12
       2557.46   9.60590e-12
       2558.84   9.57860e-12
       2560.21   9.54610e-12
       2561.58   9.54940e-12
       2562.96   9.40200e-12
       2564.33   9.37940e-12
       2565.71   9.38050e-12
       2567.08   9.43700e-12
       2568.46   9.42090e-12
       2569.83   9.35140e-12
       2571.20   9.39650e-12
       2572.58   9.34670e-12
       2573.95   9.32700e-12
       2575.33   9.30160e-12
       2576.70   9.29280e-12
       2578.07   9.29610e-12
       2579.45   9.32470e-12
       2580.82   9.28800e-12
       2582.20   9.22660e-12
       2583.57   9.09790e-12
       2584.94   8.93940e-12
       2586.32   8.69520e-12
       2587.69   8.78290e-12
       2589.07   8.97860e-12
       2590.44   8.93980e-12
       2591.81   8.98800e-12
       2593.19   8.91910e-12
       2594.56   8.81350e-12
       2595.94   8.87690e-12
       2597.31   8.89010e-12
       2598.68   8.66350e-12
       2600.06   8.33930e-12
       2601.43   8.73910e-12
       2602.81   8.94990e-12
       2604.18   9.02000e-12
       2605.55   9.02980e-12
       2606.93   8.94820e-12
       2608.30   8.94140e-12
       2609.67   8.83510e-12
       2611.05   8.75400e-12
       2612.42   8.67790e-12
       2613.80   8.69960e-12
       2615.17   8.76160e-12
       2616.54   8.75620e-12
       2617.92   8.81350e-12
       2619.29   8.77410e-12
       2620.67   8.79440e-12
       2622.04   8.76460e-12
       2623.41   8.70690e-12
       2624.79   8.64100e-12
       2626.16   8.65540e-12
       2627.53   8.68830e-12
       2628.91   8.69550e-12
       2630.28   8.71940e-12
       2631.66   8.69070e-12
       2633.03   8.62630e-12
       2634.40   8.54030e-12
       2635.78   8.43720e-12
       2637.15   8.45600e-12
       2638.53   8.21930e-12
       2639.90   8.17020e-12
       2641.27   8.30550e-12
       2642.65   8.37660e-12
       2644.02   8.25820e-12
       2645.39   7.97320e-12
       2646.77   7.88050e-12
       2648.14   8.17650e-12
       2649.51   8.29830e-12
       2650.89   8.35590e-12
       2652.26   8.37520e-12
       2653.64   8.35800e-12
       2655.01   8.32640e-12
       2656.38   8.31550e-12
       2657.76   8.29470e-12
       2659.13   8.26870e-12
       2660.50   8.11930e-12
       2661.88   7.97490e-12
       2663.25   8.07790e-12
       2664.63   8.04250e-12
       2666.00   8.11180e-12
       2667.37   8.13390e-12
       2668.75   8.14180e-12
       2670.12   8.16470e-12
       2671.49   8.20870e-12
       2672.87   8.20840e-12
       2674.24   8.11270e-12
       2675.61   8.02110e-12
       2676.99   7.93750e-12
       2678.36   7.80820e-12
       2679.73   7.96750e-12
       2681.11   8.04370e-12
       2682.48   8.04100e-12
       2683.85   8.00880e-12
       2685.23   7.97150e-12
       2686.60   7.89970e-12
       2687.98   7.88610e-12
       2689.35   7.89750e-12
       2690.72   7.96480e-12
       2692.10   7.98010e-12
       2693.47   7.93160e-12
       2694.84   7.93150e-12
       2696.22   7.89980e-12
       2697.59   7.90920e-12
       2698.96   7.91100e-12
       2700.34   7.87820e-12
       2701.71   7.85160e-12
       2703.08   7.85030e-12
       2704.46   7.78950e-12
       2705.83   7.77110e-12
       2707.20   7.76670e-12
       2708.58   7.73970e-12
       2709.95   7.71730e-12
       2711.32   7.66870e-12
       2712.70   7.63310e-12
       2714.07   7.65420e-12
       2715.44   7.62640e-12
       2716.82   7.58160e-12
       2718.19   7.52180e-12
       2719.56   7.48200e-12
       2720.94   7.44550e-12
       2722.31   7.39400e-12
       2723.68   7.30250e-12
       2725.06   7.24770e-12
       2726.43   7.13700e-12
       2727.80   6.90230e-12
       2729.18   6.61600e-12
       2730.55   6.20480e-12
       2731.92   5.68950e-12
       2733.29   5.34820e-12
       2734.67   5.67660e-12
       2736.04   6.14470e-12
       2737.41   6.50070e-12
       2738.79   6.80830e-12
       2740.16   6.97210e-12
       2741.53   7.07730e-12
       2742.91   7.15770e-12
       2744.28   7.19020e-12
       2745.65   7.24340e-12
       2747.03   7.21930e-12
       2748.40   7.21990e-12
       2749.77   7.22600e-12
       2751.14   7.28260e-12
       2752.52   7.26880e-12
       2753.89   7.29530e-12
       2755.26   7.22960e-12
       2756.64   7.20510e-12
       2758.01   7.17490e-12
       2759.38   7.16970e-12
       2760.76   7.17370e-12
       2762.13   7.19770e-12
       2763.50   7.21800e-12
       2764.87   7.15940e-12
       2766.25   7.17320e-12
       2767.62   7.15280e-12
       2768.99   7.16330e-12
       2770.37   7.10970e-12
       2771.74   7.15400e-12
       2773.11   7.12640e-12
       2774.48   7.08280e-12
       2775.86   7.04130e-12
       2777.23   6.99810e-12
       2778.60   7.01580e-12
       2779.98   7.04930e-12
       2781.35   7.04110e-12
       2782.72   6.99610e-12
       2784.09   6.96550e-12
       2785.47   6.92150e-12
       2786.84   6.92980e-12
       2788.21   6.88550e-12
       2789.59   6.88930e-12
       2790.96   6.90170e-12
       2792.33   6.80920e-12
       2793.70   6.70490e-12
       2795.08   6.32680e-12
       2796.45   6.11570e-12
       2797.82   6.48770e-12
       2799.19   6.66370e-12
       2800.57   6.59040e-12
       2801.94   6.41610e-12
       2803.31   6.18370e-12
       2804.69   6.49460e-12
       2806.06   6.71740e-12
       2807.43   6.73960e-12
       2808.80   6.72080e-12
       2810.18   6.67760e-12
       2811.55   6.74880e-12
       2812.92   6.75320e-12
       2814.29   6.78040e-12
       2815.67   6.76260e-12
       2817.04   6.69870e-12
       2818.41   6.70880e-12
       2819.78   6.63820e-12
       2821.16   6.63240e-12
       2822.53   6.62060e-12
       2823.90   6.63670e-12
       2825.27   6.61470e-12
       2826.65   6.57620e-12
       2828.02   6.59880e-12
       2829.39   6.55920e-12
       2830.76   6.55920e-12
       2832.14   6.55750e-12
       2833.51   6.57400e-12
       2834.88   6.53310e-12
       2836.25   6.56790e-12
       2837.62   6.54970e-12
       2839.00   6.53790e-12
       2840.37   6.53350e-12
       2841.74   6.52140e-12
       2843.11   6.49540e-12
       2844.49   6.46650e-12
       2845.86   6.48170e-12
       2847.23   6.45880e-12
       2848.60   6.46050e-12
       2849.97   6.45390e-12
       2851.35   6.39350e-12
       2852.72   6.35270e-12
       2854.09   6.38890e-12
       2855.46   6.40250e-12
       2856.84   6.40340e-12
       2858.21   6.35730e-12
       2859.58   6.32600e-12
       2860.95   6.25620e-12
       2862.32   6.19360e-12
       2863.70   6.29250e-12
       2865.07   6.30030e-12
       2866.44   6.23940e-12
       2867.81   6.24180e-12
       2869.18   6.31780e-12
       2870.56   6.26350e-12
       2871.93   6.27440e-12
       2873.30   6.26430e-12
       2874.67   6.24540e-12
       2876.04   6.24540e-12
       2877.42   6.19850e-12
       2878.79   6.20100e-12
       2880.16   6.16580e-12
       2881.53   6.12870e-12
       2882.90   6.11030e-12
       2884.28   6.02680e-12
       2885.65   6.06390e-12
       2887.02   6.07320e-12
       2888.39   6.08220e-12
       2889.76   6.03050e-12
       2891.14   5.97570e-12
       2892.51   5.99930e-12
       2893.88   5.99140e-12
       2895.25   5.95990e-12
       2896.62   5.96550e-12
       2897.99   5.97290e-12
       2899.37   5.94080e-12
       2900.74   5.98690e-12
       2902.11   5.99320e-12
       2903.48   5.99530e-12
       2904.85   5.97340e-12
       2906.23   5.95060e-12
       2907.60   5.96190e-12
       2908.97   5.94040e-12
       2910.34   5.93660e-12
       2911.71   5.92860e-12
       2913.08   5.89340e-12
       2914.46   5.90620e-12
       2915.83   5.92870e-12
       2917.20   5.90520e-12
       2918.57   5.88550e-12
       2919.94   5.85730e-12
       2921.31   5.89050e-12
       2922.68   5.87110e-12
       2924.06   5.84120e-12
       2925.43   5.82980e-12
       2926.80   5.84810e-12
       2928.17   5.82690e-12
       2929.54   5.81730e-12
       2930.91   5.79200e-12
       2932.28   5.79950e-12
       2933.66   5.75140e-12
       2935.03   5.68030e-12
       2936.40   5.71280e-12
       2937.77   5.73460e-12
       2939.14   5.74080e-12
       2940.51   5.71740e-12
       2941.88   5.72030e-12
       2943.26   5.64830e-12
       2944.63   5.63050e-12
       2946.00   5.60640e-12
       2947.37   5.61410e-12
       2948.74   5.60310e-12
       2950.11   5.54270e-12
       2951.48   5.50780e-12
       2952.85   5.54150e-12
       2954.23   5.55830e-12
       2955.60   5.56220e-12
       2956.97   5.50820e-12
       2958.34   5.46710e-12
       2959.71   5.47490e-12
       2961.08   5.43850e-12
       2962.45   5.46570e-12
       2963.82   5.49220e-12
       2965.19   5.50210e-12
       2966.57   5.47940e-12
       2967.94   5.48520e-12
       2969.31   5.49200e-12
       2970.68   5.48900e-12
       2972.05   5.47870e-12
       2973.42   5.47790e-12
       2974.79   5.47050e-12
       2976.16   5.45130e-12
       2977.53   5.42830e-12
       2978.90   5.42180e-12
       2980.28   5.41280e-12
       2981.65   5.38130e-12
       2983.02   5.34770e-12
       2984.39   5.35790e-12
       2985.76   5.41180e-12
       2987.13   5.40390e-12
       2988.50   5.40540e-12
       2989.87   5.37850e-12
       2991.24   5.35100e-12
       2992.61   5.33680e-12
       2993.98   5.32340e-12
       2995.35   5.30320e-12
       2996.73   5.32300e-12
       2998.10   5.32930e-12
       2999.47   5.31080e-12
       3000.84   5.30170e-12
       3002.21   5.27660e-12
       3003.58   5.26330e-12
       3004.95   5.26690e-12
       3006.32   5.25550e-12
       3007.69   5.25990e-12
       3009.06   5.26020e-12
       3010.43   5.24830e-12
       3011.80   5.23260e-12
       3013.17   5.24020e-12
       3014.54   5.23360e-12
       3015.91   5.20550e-12
       3017.28   5.18950e-12
       3018.65   5.19680e-12
       3020.03   5.18530e-12
       3021.40   5.16660e-12
       3022.77   5.18180e-12
       3024.14   5.16410e-12
       3025.51   5.14410e-12
       3026.88   5.13580e-12
       3028.25   5.11900e-12
       3029.62   5.11780e-12
       3030.99   5.10410e-12
       3032.36   5.09200e-12
       3033.73   5.09170e-12
       3035.10   5.07800e-12
       3036.47   5.07360e-12
       3037.84   5.09320e-12
       3039.21   5.06340e-12
       3040.58   5.04370e-12
       3041.95   5.03990e-12
       3043.32   5.00930e-12
       3044.69   4.99550e-12
       3046.06   4.99300e-12
       3047.43   4.98500e-12
       3048.80   5.00040e-12
       3050.17   5.00050e-12
       3051.54   4.99400e-12
       3052.91   4.98840e-12
       3054.28   4.97120e-12
       3055.65   4.94010e-12
       3057.02   4.90980e-12
       3058.39   4.89910e-12
       3059.76   4.89940e-12
       3061.13   4.93180e-12
       3062.50   4.90920e-12
       3063.87   4.90230e-12
       3067.52   4.82280e-12
       3070.26   4.81080e-12
       3073.01   4.79600e-12
       3075.76   4.75480e-12
       3078.50   4.73330e-12
       3081.25   4.74480e-12
       3083.99   4.75390e-12
       3086.74   4.75040e-12
       3089.49   4.74490e-12
       3092.23   4.72930e-12
       3094.98   4.69990e-12
       3097.72   4.65580e-12
       3100.47   4.70190e-12
       3103.22   4.72320e-12
       3105.96   4.66730e-12
       3108.71   4.62930e-12
       3111.45   4.60100e-12
       3114.20   4.60690e-12
       3116.95   4.56370e-12
       3119.69   4.55360e-12
       3122.44   4.56570e-12
       3125.18   4.54310e-12
       3127.93   4.54720e-12
       3130.68   4.52460e-12
       3133.42   4.52540e-12
       3136.17   4.50200e-12
       3138.91   4.49990e-12
       3141.66   4.48950e-12
       3144.41   4.46480e-12
       3147.15   4.42120e-12
       3149.90   4.38410e-12
       3152.65   4.39610e-12
       3155.39   4.39670e-12
       3158.14   4.37560e-12
       3160.89   4.34750e-12
       3163.63   4.32600e-12
       3166.38   4.30930e-12
       3169.12   4.29690e-12
       3171.87   4.26550e-12
       3174.62   4.23110e-12
       3177.36   4.21240e-12
       3180.11   4.22630e-12
       3182.86   4.20420e-12
       3185.60   4.15120e-12
       3188.35   4.10230e-12
       3191.10   4.06710e-12
       3193.84   3.99180e-12
       3196.59   3.83930e-12
       3199.34   3.57240e-12
       3202.08   3.28760e-12
       3204.83   3.32800e-12
       3207.58   3.63300e-12
       3210.32   3.83050e-12
       3213.07   3.92050e-12
       3215.82   3.98230e-12
       3218.56   4.01510e-12
       3221.31   4.02620e-12
       3224.06   4.03060e-12
       3226.81   4.02310e-12
       3229.55   4.01650e-12
       3232.30   4.03180e-12
       3235.05   4.00580e-12
       3237.79   3.99770e-12
       3240.54   3.99330e-12
       3243.29   3.96500e-12
       3246.03   3.98040e-12
       3248.78   3.95020e-12
       3251.53   3.94330e-12
       3254.28   3.92440e-12
       3257.02   3.92180e-12
       3259.77   3.90780e-12
       3262.52   3.88070e-12
       3265.26   3.86740e-12
       3268.01   3.85230e-12
       3270.76   3.86040e-12
       3273.51   3.83130e-12
       3276.25   3.83320e-12
       3279.00   3.82330e-12
       3281.75   3.79800e-12
       3284.49   3.78080e-12
       3287.24   3.78970e-12
       3289.99   3.77690e-12
       3292.74   3.76430e-12
       3295.48   3.75200e-12
       3298.23   3.73550e-12
       3300.98   3.71250e-12
       3303.73   3.68420e-12
       3306.47   3.68010e-12
       3309.22   3.67300e-12
       3311.97   3.67210e-12
       3314.71   3.66210e-12
       3317.46   3.63210e-12
       3320.21   3.63270e-12
       3322.96   3.64960e-12
       3325.70   3.60550e-12
       3328.45   3.58390e-12
       3331.20   3.55890e-12
       3333.95   3.56490e-12
       3336.69   3.57910e-12
       3339.44   3.54060e-12
       3342.19   3.51930e-12
       3344.94   3.52280e-12
       3347.69   3.50090e-12
       3350.43   3.48710e-12
       3353.18   3.44380e-12
       3355.93   3.44120e-12
       3358.68   3.45870e-12
       3361.42   3.43710e-12
       3364.17   3.42690e-12
       3366.92   3.37740e-12
       3369.67   3.39260e-12
       3372.41   3.40900e-12
       3375.16   3.40080e-12
       3377.91   3.40840e-12
       3380.66   3.40170e-12
       3383.41   3.38570e-12
       3386.15   3.36960e-12
       3388.90   3.37830e-12
       3391.65   3.35370e-12
       3394.40   3.32730e-12
       3397.15   3.30040e-12
       3399.89   3.29970e-12
       3402.64   3.31820e-12
       3405.39   3.31520e-12
       3408.14   3.30410e-12
       3410.88   3.27610e-12
       3413.63   3.27800e-12
       3416.38   3.27380e-12
       3419.13   3.27960e-12
       3421.88   3.25730e-12
       3424.62   3.23110e-12
       3427.37   3.23680e-12
       3430.12   3.22180e-12
       3432.87   3.21830e-12
       3435.62   3.20930e-12
       3438.36   3.18830e-12
       3441.11   3.16370e-12
       3443.86   3.15080e-12
       3446.61   3.14220e-12
       3449.36   3.13160e-12
       3452.11   3.11370e-12
       3454.85   3.11240e-12
       3457.60   3.12060e-12
       3460.35   3.09300e-12
       3463.10   3.07510e-12
       3465.85   3.10160e-12
       3468.59   3.08480e-12
       3471.34   3.07080e-12
       3474.09   3.04180e-12
       3476.84   2.99470e-12
       3479.59   2.95140e-12
       3482.34   2.94930e-12
       3485.08   2.91250e-12
       3487.83   2.98580e-12
       3490.58   2.97930e-12
       3493.33   2.95060e-12
       3496.08   2.95180e-12
       3498.83   2.96010e-12
       3501.57   2.94320e-12
       3504.32   2.92680e-12
       3507.07   2.94580e-12
       3509.82   2.94210e-12
       3512.57   2.93220e-12
       3515.32   2.91850e-12
       3518.07   2.91870e-12
       3520.81   2.90330e-12
       3523.56   2.90840e-12
       3526.31   2.90070e-12
       3529.06   2.89620e-12
       3531.81   2.90500e-12
       3534.56   2.89290e-12
       3537.30   2.86880e-12
       3540.05   2.85530e-12
       3542.80   2.84610e-12
       3545.55   2.84810e-12
       3548.30   2.83700e-12
       3551.05   2.83850e-12
       3553.80   2.82280e-12
       3556.54   2.80870e-12
       3559.29   2.80740e-12
       3562.04   2.80690e-12
       3564.79   2.78010e-12
       3567.54   2.76590e-12
       3570.29   2.76380e-12
       3573.04   2.75500e-12
       3575.79   2.74950e-12
       3578.53   2.73610e-12
       3581.28   2.72720e-12
       3584.03   2.72100e-12
       3586.78   2.72280e-12
       3589.53   2.71410e-12
       3592.28   2.70540e-12
       3595.03   2.70230e-12
       3597.78   2.68950e-12
       3600.52   2.68930e-12
       3603.27   2.68050e-12
       3606.02   2.66630e-12
       3608.77   2.66600e-12
       3611.52   2.65800e-12
       3614.27   2.64170e-12
       3617.02   2.63520e-12
       3619.77   2.63230e-12
       3622.51   2.62510e-12
       3625.26   2.60760e-12
       3628.01   2.60600e-12
       3630.76   2.59170e-12
       3633.51   2.57780e-12
       3636.26   2.57300e-12
       3639.01   2.56890e-12
       3641.76   2.55990e-12
       3644.51   2.57140e-12
       3647.25   2.54280e-12
       3650.00   2.54680e-12
       3652.75   2.53080e-12
       3655.50   2.52870e-12
       3658.25   2.52130e-12
       3661.00   2.51690e-12
       3663.75   2.51340e-12
       3666.50   2.49730e-12
       3669.25   2.48650e-12
       3672.00   2.48620e-12
       3674.74   2.47790e-12
       3677.49   2.47000e-12
       3680.24   2.47130e-12
       3682.99   2.45800e-12
       3685.74   2.44850e-12
       3688.49   2.44890e-12
       3691.24   2.44540e-12
       3693.99   2.42350e-12
       3696.74   2.42590e-12
       3699.49   2.42100e-12
       3702.24   2.40320e-12
       3704.98   2.39740e-12
       3707.73   2.37390e-12
       3710.48   2.37700e-12
       3713.23   2.36630e-12
       3715.98   2.37700e-12
       3718.73   2.36650e-12
       3721.48   2.35930e-12
       3724.23   2.35950e-12
       3726.98   2.34920e-12
       3729.73   2.34890e-12
       3732.48   2.34300e-12
       3735.22   2.32410e-12
       3737.97   2.32790e-12
       3740.72   2.32480e-12
       3743.47   2.30730e-12
       3746.22   2.29980e-12
       3748.97   2.28610e-12
       3751.72   2.29170e-12
       3754.47   2.28440e-12
       3757.22   2.27970e-12
       3759.97   2.27830e-12
       3762.72   2.26550e-12
       3765.47   2.27230e-12
       3768.22   2.26680e-12
       3770.96   2.23770e-12
       3773.71   2.22940e-12
       3776.46   2.23550e-12
       3779.21   2.24430e-12
       3781.96   2.23720e-12
       3784.71   2.22760e-12
       3787.46   2.22530e-12
       3790.21   2.22360e-12
       3792.96   2.18360e-12
       3795.71   2.17830e-12
       3798.46   2.19100e-12
       3801.21   2.19170e-12
       3803.96   2.18770e-12
       3806.71   2.19360e-12
       3809.45   2.18230e-12
       3812.20   2.17900e-12
       3814.95   2.19410e-12
       3817.70   2.16300e-12
       3820.45   2.13650e-12
       3823.20   2.14330e-12
       3825.95   2.14530e-12
       3828.70   2.12810e-12
       3831.45   2.12320e-12
       3834.20   2.10950e-12
       3836.95   2.11570e-12
       3839.70   2.10920e-12
       3842.45   2.11080e-12
       3845.20   2.10940e-12
       3847.95   2.09780e-12
       3850.70   2.10280e-12
       3853.44   2.10140e-12
       3856.19   2.09950e-12
       3858.94   2.08750e-12
       3861.69   2.07970e-12
       3864.44   2.08000e-12
       3867.19   2.07400e-12
       3869.94   2.07160e-12
       3872.69   2.06600e-12
       3875.44   2.05120e-12
       3878.19   2.04200e-12
       3880.94   2.03680e-12
       3883.69   2.02050e-12
       3886.44   1.99150e-12
       3889.19   1.96430e-12
       3891.94   1.97740e-12
       3894.69   1.99580e-12
       3897.44   2.00580e-12
       3900.18   2.01090e-12
       3902.93   2.00810e-12
       3905.68   2.00560e-12
       3908.43   2.00360e-12
       3911.18   1.99570e-12
       3913.93   1.98890e-12
       3916.68   1.97400e-12
       3919.43   1.96290e-12
       3922.18   1.94480e-12
       3924.93   1.93250e-12
       3927.68   1.93750e-12
       3930.43   1.94150e-12
       3933.18   1.93070e-12
       3935.93   1.93370e-12
       3938.68   1.94090e-12
       3941.43   1.94520e-12
       3944.18   1.95210e-12
       3946.93   1.94050e-12
       3949.68   1.93040e-12
       3952.42   1.92430e-12
       3955.17   1.90990e-12
       3957.92   1.88630e-12
       3960.67   1.87140e-12
       3963.42   1.83720e-12
       3966.17   1.81170e-12
       3968.92   1.77970e-12
       3971.67   1.77540e-12
       3974.42   1.79180e-12
       3977.17   1.82090e-12
       3979.92   1.84260e-12
       3982.67   1.85520e-12
       3985.42   1.86030e-12
       3988.17   1.85530e-12
       3990.92   1.85780e-12
       3993.67   1.86490e-12
       3996.42   1.85710e-12
       3999.17   1.83200e-12
       4001.92   1.82100e-12
       4004.67   1.82790e-12
       4007.41   1.82750e-12
       4010.16   1.82170e-12
       4012.91   1.80580e-12
       4015.66   1.77350e-12
       4018.41   1.75670e-12
       4021.16   1.73640e-12
       4023.91   1.69900e-12
       4026.66   1.66370e-12
       4029.41   1.69020e-12
       4032.16   1.71990e-12
       4034.91   1.74340e-12
       4037.66   1.75320e-12
       4040.41   1.75720e-12
       4043.16   1.75780e-12
       4045.91   1.76500e-12
       4048.66   1.76720e-12
       4051.41   1.76740e-12
       4054.16   1.75920e-12
       4056.91   1.73700e-12
       4059.65   1.73640e-12
       4062.40   1.75120e-12
       4065.15   1.75220e-12
       4067.90   1.75100e-12
       4070.65   1.73770e-12
       4073.40   1.73150e-12
       4076.15   1.72050e-12
       4078.90   1.71490e-12
       4081.65   1.70280e-12
       4084.40   1.68480e-12
       4087.15   1.67600e-12
       4089.90   1.64720e-12
       4092.65   1.61790e-12
       4095.40   1.56830e-12
       4098.15   1.51260e-12
       4100.90   1.48790e-12
       4103.65   1.48940e-12
       4106.40   1.53730e-12
       4109.15   1.58980e-12
       4111.90   1.61210e-12
       4114.64   1.62600e-12
       4117.39   1.63470e-12
       4120.14   1.64480e-12
       4122.89   1.64500e-12
       4125.64   1.65220e-12
       4128.39   1.65430e-12
       4131.14   1.63820e-12
       4133.89   1.64340e-12
       4136.64   1.64600e-12
       4139.39   1.63570e-12
       4142.14   1.63170e-12
       4144.89   1.62930e-12
       4147.64   1.62360e-12
       4150.39   1.62250e-12
       4153.14   1.62140e-12
       4155.89   1.62300e-12
       4158.64   1.61800e-12
       4161.38   1.61510e-12
       4164.13   1.61020e-12
       4166.88   1.59950e-12
       4169.63   1.59520e-12
       4172.38   1.58620e-12
       4175.13   1.58640e-12
       4177.88   1.57120e-12
       4180.63   1.55810e-12
       4183.38   1.55130e-12
       4186.13   1.53200e-12
       4188.88   1.51200e-12
       4191.63   1.48760e-12
       4194.38   1.45520e-12
       4197.13   1.40980e-12
       4199.88   1.38060e-12
       4202.62   1.38560e-12
       4205.37   1.41230e-12
       4208.12   1.44760e-12
       4210.87   1.46820e-12
       4213.62   1.48270e-12
       4216.37   1.48120e-12
       4219.12   1.49090e-12
       4221.87   1.49670e-12
       4224.62   1.50050e-12
       4227.37   1.49980e-12
       4230.12   1.50060e-12
       4232.87   1.50800e-12
       4235.62   1.49840e-12
       4238.37   1.50040e-12
       4241.12   1.49680e-12
       4243.86   1.48560e-12
       4246.61   1.49330e-12
       4249.36   1.49350e-12
       4252.11   1.49560e-12
       4254.86   1.48540e-12
       4257.61   1.48280e-12
       4260.36   1.47200e-12
       4263.11   1.46960e-12
       4265.86   1.46800e-12
       4268.61   1.47400e-12
       4271.36   1.46540e-12
       4274.11   1.45880e-12
       4276.86   1.45550e-12
       4279.60   1.45420e-12
       4282.35   1.44680e-12
       4285.10   1.43260e-12
       4287.85   1.42590e-12
       4290.60   1.41000e-12
       4293.35   1.40440e-12
       4296.10   1.42230e-12
       4298.85   1.42830e-12
       4301.60   1.41430e-12
       4304.35   1.41940e-12
       4307.10   1.40980e-12
       4309.85   1.40480e-12
       4312.59   1.39330e-12
       4315.34   1.39150e-12
       4318.09   1.37830e-12
       4320.84   1.36110e-12
       4323.59   1.34140e-12
       4326.34   1.33130e-12
       4329.09   1.31150e-12
       4331.84   1.27510e-12
       4334.59   1.23230e-12
       4337.34   1.18880e-12
       4340.08   1.14720e-12
       4342.83   1.16800e-12
       4345.58   1.21300e-12
       4348.33   1.25870e-12
       4351.08   1.28690e-12
       4353.83   1.30560e-12
       4356.58   1.32170e-12
       4359.33   1.32020e-12
       4362.08   1.32440e-12
       4364.83   1.33190e-12
       4367.57   1.33510e-12
       4370.32   1.33620e-12
       4373.07   1.32840e-12
       4375.82   1.32280e-12
       4378.57   1.30260e-12
       4381.32   1.29900e-12
       4384.07   1.31080e-12
       4386.82   1.31280e-12
       4389.57   1.30890e-12
       4392.31   1.30710e-12
       4395.06   1.30960e-12
       4397.81   1.30150e-12
       4400.56   1.29780e-12
       4403.31   1.29880e-12
       4406.06   1.29690e-12
       4408.81   1.29140e-12
       4411.56   1.29520e-12
       4414.31   1.28920e-12
       4417.05   1.28430e-12
       4419.80   1.28110e-12
       4422.55   1.27690e-12
       4425.30   1.27660e-12
       4428.05   1.27450e-12
       4430.80   1.27390e-12
       4433.55   1.26700e-12
       4436.30   1.26230e-12
       4439.04   1.26190e-12
       4441.79   1.25600e-12
       4444.54   1.25160e-12
       4447.29   1.24820e-12
       4450.04   1.24450e-12
       4452.79   1.23380e-12
       4455.54   1.22290e-12
       4458.29   1.20780e-12
       4461.03   1.21110e-12
       4463.78   1.21680e-12
       4466.53   1.20230e-12
       4469.28   1.17980e-12
       4472.03   1.14930e-12
       4474.78   1.15310e-12
       4477.53   1.18950e-12
       4480.27   1.19360e-12
       4483.02   1.18800e-12
       4485.77   1.19160e-12
       4488.52   1.19000e-12
       4491.27   1.18660e-12
       4494.02   1.19170e-12
       4496.77   1.18400e-12
       4499.51   1.18450e-12
       4502.26   1.18340e-12
       4505.01   1.17900e-12
       4507.76   1.17970e-12
       4510.51   1.16870e-12
       4513.26   1.15570e-12
       4516.00   1.14910e-12
       4518.75   1.15440e-12
       4521.50   1.14870e-12
       4524.25   1.14300e-12
       4527.00   1.13460e-12
       4529.75   1.11330e-12
       4532.49   1.09220e-12
       4535.24   1.06520e-12
       4537.99   1.02510e-12
       4540.74   9.81620e-13
       4543.49   9.68850e-13
       4546.24   1.00030e-12
       4548.98   1.03550e-12
       4551.73   1.06660e-12
       4554.48   1.09110e-12
       4557.23   1.09920e-12
       4559.98   1.10660e-12
       4562.73   1.11290e-12
       4565.47   1.11190e-12
       4568.22   1.11760e-12
       4570.97   1.11600e-12
       4573.72   1.11580e-12
       4576.47   1.11780e-12
       4579.21   1.11570e-12
       4581.96   1.11370e-12
       4584.71   1.10980e-12
       4587.46   1.10990e-12
       4590.21   1.10410e-12
       4592.95   1.09600e-12
       4595.70   1.10220e-12
       4598.45   1.09620e-12
       4601.20   1.09640e-12
       4603.95   1.08940e-12
       4606.69   1.07630e-12
       4609.44   1.07230e-12
       4612.19   1.07880e-12
       4614.94   1.07500e-12
       4617.69   1.07620e-12
       4620.43   1.06970e-12
       4623.18   1.06790e-12
       4625.93   1.06730e-12
       4628.68   1.05760e-12
       4631.43   1.04830e-12
       4634.17   1.04470e-12
       4636.92   1.04850e-12
       4639.67   1.04350e-12
       4642.42   1.03870e-12
       4645.17   1.04830e-12
       4647.91   1.04690e-12
       4650.66   1.04680e-12
       4653.41   1.04180e-12
       4656.16   1.03590e-12
       4658.90   1.02870e-12
       4661.65   1.03020e-12
       4664.40   1.01960e-12
       4667.15   1.02010e-12
       4669.89   1.01770e-12
       4672.64   9.97720e-13
       4675.39   9.85890e-13
       4678.14   9.63780e-13
       4680.88   9.21630e-13
       4683.63   8.63590e-13
       4686.38   7.94640e-13
       4689.13   8.24290e-13
       4691.88   8.95960e-13
       4694.62   9.43920e-13
       4697.37   9.69330e-13
       4700.12   9.78140e-13
       4702.87   9.83500e-13
       4705.61   9.82650e-13
       4708.36   9.79530e-13
       4711.11   9.83250e-13
       4713.85   9.86380e-13
       4716.60   9.89160e-13
       4719.35   9.94130e-13
       4722.10   9.93300e-13
       4724.84   9.93310e-13
       4727.59   9.89910e-13
       4730.34   9.93720e-13
       4733.09   9.86570e-13
       4735.83   9.87240e-13
       4738.58   9.82070e-13
       4741.33   9.82220e-13
       4744.08   9.80700e-13
       4746.82   9.79150e-13
       4749.57   9.76660e-13
       4752.32   9.70310e-13
       4755.06   9.69890e-13
       4757.81   9.70080e-13
       4760.56   9.63740e-13
       4763.31   9.62900e-13
       4766.05   9.62320e-13
       4768.80   9.59990e-13
       4771.55   9.52990e-13
       4774.29   9.54250e-13
       4777.04   9.52040e-13
       4779.79   9.44450e-13
       4782.53   9.35630e-13
       4785.28   9.33120e-13
       4788.03   9.30480e-13
       4790.77   9.26390e-13
       4793.52   9.27410e-13
       4796.27   9.27050e-13
       4799.02   9.26620e-13
       4801.76   9.19920e-13
       4804.51   9.20420e-13
       4807.26   9.24200e-13
       4810.00   9.26770e-13
       4812.75   9.24000e-13
       4815.50   9.20200e-13
       4818.24   9.18760e-13
       4820.99   9.13690e-13
       4823.74   9.17990e-13
       4826.48   9.14530e-13
       4829.23   9.13440e-13
       4831.98   9.04330e-13
       4834.72   9.01250e-13
       4837.47   8.95500e-13
       4840.22   8.90800e-13
       4842.96   8.81470e-13
       4845.71   8.72630e-13
       4848.46   8.54860e-13
       4851.20   8.35710e-13
       4853.95   8.04160e-13
       4856.69   7.64630e-13
       4859.44   7.29370e-13
       4862.19   7.29970e-13
       4864.93   7.65110e-13
       4867.68   8.00860e-13
       4870.43   8.25120e-13
       4873.17   8.41990e-13
       4875.92   8.50920e-13
       4878.67   8.62860e-13
       4881.41   8.64010e-13
       4884.16   8.63540e-13
       4886.90   8.62780e-13
       4889.65   8.68210e-13
       4892.40   8.70040e-13
       4895.14   8.62810e-13
       4897.89   8.62170e-13
       4900.64   8.58880e-13
       4903.38   8.60270e-13
       4906.13   8.56290e-13
       4908.87   8.54500e-13
       4911.62   8.60550e-13
       4914.37   8.59510e-13
       4917.11   8.50790e-13
       4919.86   8.46180e-13
       4922.60   8.35620e-13
       4925.35   8.37600e-13
       4928.10   8.37830e-13
       4930.84   8.40650e-13
       4933.59   8.40730e-13
       4936.33   8.36520e-13
       4939.08   8.35550e-13
       4941.82   8.34740e-13
       4944.57   8.38350e-13
       4947.32   8.37380e-13
       4950.06   8.33700e-13
       4952.81   8.32280e-13
       4955.55   8.29250e-13
       4958.30   8.29540e-13
       4961.04   8.27400e-13
       4963.79   8.22620e-13
       4966.54   8.17810e-13
       4969.28   8.19590e-13
       4972.03   8.18250e-13
       4974.77   8.19620e-13
       4977.52   8.18280e-13
       4980.26   8.12320e-13
       4983.01   8.10740e-13
       4985.75   8.09590e-13
       4988.50   8.12890e-13
       4991.25   8.07930e-13
       4993.99   8.04770e-13
       4996.74   8.05030e-13
       4999.48   8.01110e-13
       5002.23   8.01330e-13
       5004.97   8.02630e-13
       5007.72   7.97300e-13
       5010.46   7.94350e-13
       5013.21   7.90660e-13
       5015.95   7.81580e-13
       5018.70   7.84690e-13
       5021.44   7.90080e-13
       5024.19   7.88300e-13
       5026.93   7.86510e-13
       5029.68   7.86800e-13
       5032.42   7.81530e-13
       5035.17   7.78290e-13
       5037.91   7.82090e-13
       5040.66   7.76420e-13
       5043.40   7.74480e-13
       5046.15   7.71840e-13
       5048.89   7.71400e-13
       5051.64   7.69910e-13
       5054.38   7.67890e-13
       5057.13   7.62850e-13
       5059.87   7.58400e-13
       5062.62   7.60280e-13
       5065.36   7.58090e-13
       5068.11   7.58570e-13
       5070.85   7.56200e-13
       5073.60   7.53130e-13
       5076.34   7.55630e-13
       5079.09   7.54440e-13
       5081.83   7.50690e-13
       5084.58   7.53750e-13
       5087.32   7.46760e-13
       5090.06   7.47020e-13
       5092.81   7.43200e-13
       5095.55   7.43530e-13
       5098.30   7.44860e-13
       5101.04   7.41520e-13
       5103.79   7.39500e-13
       5106.53   7.37120e-13
       5109.28   7.35410e-13
       5112.02   7.32230e-13
       5114.76   7.34800e-13
       5117.51   7.32280e-13
       5120.25   7.29580e-13
       5123.00   7.30090e-13
       5125.74   7.26410e-13
       5128.49   7.23220e-13
       5131.23   7.21570e-13
       5133.97   7.22030e-13
       5136.72   7.20850e-13
       5139.46   7.19580e-13
       5142.21   7.20190e-13
       5144.95   7.10420e-13
       5147.69   7.08680e-13
       5150.44   7.07880e-13
       5153.18   7.08220e-13
       5155.93   7.07260e-13
       5158.67   7.10430e-13
       5161.41   7.06790e-13
       5164.16   7.07890e-13
       5166.90   7.01500e-13
       5169.65   7.02250e-13
       5172.39   7.01620e-13
       5175.13   6.99760e-13
       5177.88   6.97710e-13
       5180.62   6.96450e-13
       5183.36   6.96990e-13
       5186.11   6.96970e-13
       5188.85   6.95440e-13
       5191.59   6.96300e-13
       5194.34   6.92060e-13
       5197.08   6.92980e-13
       5199.82   6.84100e-13
       5202.57   6.83280e-13
       5205.31   6.76580e-13
       5208.06   6.82280e-13
       5210.80   6.83400e-13
       5213.54   6.81360e-13
       5216.29   6.81390e-13
       5219.03   6.78540e-13
       5221.77   6.76090e-13
       5224.51   6.71930e-13
       5227.26   6.73590e-13
       5230.00   6.74950e-13
       5232.74   6.72140e-13
       5235.49   6.72620e-13
       5238.23   6.68580e-13
       5240.97   6.68200e-13
       5243.72   6.66400e-13
       5246.46   6.64570e-13
       5249.20   6.61380e-13
       5251.95   6.65610e-13
       5254.69   6.62460e-13
       5257.43   6.60830e-13
       5260.17   6.57500e-13
       5262.92   6.57570e-13
       5265.66   6.54880e-13
       5268.40   6.54640e-13
       5271.15   6.51830e-13
       5273.89   6.51460e-13
       5276.63   6.53690e-13
       5279.37   6.47630e-13
       5282.12   6.45760e-13
       5284.86   6.46280e-13
       5287.60   6.47670e-13
       5290.34   6.43380e-13
       5293.09   6.44130e-13
       5295.83   6.41820e-13
       5298.57   6.42940e-13
       5301.31   6.41190e-13
       5304.06   6.36780e-13
       5306.80   6.38810e-13
       5309.54   6.35650e-13
       5312.28   6.33560e-13
       5315.02   6.30790e-13
       5317.77   6.35310e-13
       5320.51   6.29330e-13
       5323.25   6.27260e-13
       5325.99   6.28460e-13
       5328.74   6.25140e-13
       5331.48   6.24170e-13
       5334.22   6.22410e-13
       5336.96   6.23290e-13
       5339.70   6.24040e-13
       5342.45   6.21560e-13
       5345.19   6.17970e-13
       5347.93   6.18420e-13
       5350.67   6.12480e-13
       5353.41   6.13140e-13
       5356.16   6.13880e-13
       5358.90   6.11170e-13
       5361.64   6.11100e-13
       5364.38   6.07490e-13
       5367.12   6.07890e-13
       5369.86   6.08560e-13
       5372.61   6.05650e-13
       5375.35   6.05590e-13
       5378.09   5.99540e-13
       5380.83   5.99430e-13
       5383.57   5.96520e-13
       5386.31   5.94230e-13
       5389.05   5.89920e-13
       5391.80   5.87890e-13
       5394.54   5.81510e-13
       5397.28   5.74180e-13
       5400.02   5.65410e-13
       5402.76   5.53840e-13
       5405.50   5.34620e-13
       5408.24   5.10080e-13
       5410.98   4.87670e-13
       5413.73   4.86590e-13
       5416.47   5.10050e-13
       5419.21   5.30440e-13
       5421.95   5.44580e-13
       5424.69   5.56060e-13
       5427.43   5.59170e-13
       5430.17   5.68110e-13
       5432.91   5.69140e-13
       5435.65   5.71850e-13
       5438.39   5.74690e-13
       5441.14   5.73340e-13
       5443.88   5.71850e-13
       5446.62   5.73600e-13
       5449.36   5.74530e-13
       5451.18   5.66360e-13
       5456.05   5.64140e-13
       5460.92   5.63150e-13
       5465.79   5.60630e-13
       5470.67   5.61220e-13
       5475.54   5.62260e-13
       5480.41   5.59630e-13
       5485.28   5.56090e-13
       5490.15   5.57430e-13
       5495.02   5.56210e-13
       5499.89   5.54950e-13
       5504.76   5.52250e-13
       5509.64   5.49140e-13
       5514.51   5.47920e-13
       5519.38   5.47970e-13
       5524.25   5.44220e-13
       5529.12   5.44100e-13
       5533.99   5.44680e-13
       5538.86   5.40700e-13
       5543.74   5.36290e-13
       5548.61   5.36660e-13
       5553.48   5.34580e-13
       5558.35   5.33110e-13
       5563.22   5.29900e-13
       5568.10   5.27330e-13
       5572.97   5.26640e-13
       5577.84   5.24690e-13
       5582.71   5.23210e-13
       5587.58   5.21710e-13
       5592.46   5.19320e-13
       5597.33   5.17930e-13
       5602.20   5.16340e-13
       5607.07   5.17010e-13
       5611.95   5.14560e-13
       5616.82   5.11680e-13
       5621.69   5.09840e-13
       5626.56   5.09050e-13
       5631.44   5.06360e-13
       5636.31   5.07260e-13
       5641.18   5.06780e-13
       5646.06   5.02180e-13
       5650.93   4.99400e-13
       5655.80   4.97620e-13
       5660.67   4.95990e-13
       5665.55   4.93190e-13
       5670.42   4.92370e-13
       5675.29   4.91960e-13
       5680.17   4.88750e-13
       5685.04   4.86600e-13
       5689.91   4.86650e-13
       5694.79   4.84660e-13
       5699.66   4.81660e-13
       5704.53   4.81170e-13
       5709.41   4.81260e-13
       5714.28   4.79680e-13
       5719.15   4.76010e-13
       5724.03   4.73410e-13
       5728.90   4.74270e-13
       5733.78   4.70610e-13
       5738.65   4.69110e-13
       5743.52   4.67240e-13
       5748.40   4.67380e-13
       5753.27   4.67440e-13
       5758.15   4.64380e-13
       5763.02   4.62130e-13
       5767.89   4.61740e-13
       5772.77   4.58640e-13
       5777.64   4.57540e-13
       5782.52   4.55710e-13
       5787.39   4.55190e-13
       5792.26   4.52600e-13
       5797.14   4.49550e-13
       5802.01   4.51130e-13
       5806.89   4.49260e-13
       5811.76   4.47000e-13
       5816.64   4.45880e-13
       5821.51   4.43770e-13
       5826.39   4.43810e-13
       5831.26   4.41270e-13
       5836.14   4.40660e-13
       5841.01   4.38470e-13
       5845.89   4.37000e-13
       5850.76   4.35870e-13
       5855.64   4.34350e-13
       5860.51   4.33840e-13
       5865.39   4.30580e-13
       5870.26   4.26490e-13
       5875.14   4.15290e-13
       5880.01   4.14500e-13
       5884.89   4.22950e-13
       5889.76   4.24840e-13
       5894.64   4.26030e-13
       5899.51   4.24290e-13
       5904.39   4.23610e-13
       5909.26   4.21250e-13
       5914.14   4.18900e-13
       5919.01   4.17330e-13
       5923.89   4.17040e-13
       5928.77   4.16080e-13
       5933.64   4.14420e-13
       5938.52   4.12390e-13
       5943.39   4.10510e-13
       5948.27   4.09910e-13
       5953.14   4.09480e-13
       5958.02   4.07660e-13
       5962.90   4.05910e-13
       5967.77   4.05410e-13
       5972.65   4.04340e-13
       5977.52   4.02640e-13
       5982.40   4.00380e-13
       5987.28   4.00090e-13
       5992.15   4.00260e-13
       5997.03   3.98380e-13
       6001.91   3.97900e-13
       6006.78   3.96310e-13
       6011.66   3.95230e-13
       6016.53   3.92090e-13
       6021.41   3.90330e-13
       6026.29   3.89240e-13
       6031.16   3.89170e-13
       6036.04   3.87440e-13
       6040.92   3.86050e-13
       6045.79   3.85290e-13
       6050.67   3.84660e-13
       6055.55   3.83480e-13
       6060.42   3.81760e-13
       6065.30   3.80020e-13
       6070.18   3.78900e-13
       6075.06   3.77240e-13
       6079.93   3.75880e-13
       6084.81   3.74360e-13
       6089.69   3.73570e-13
       6094.56   3.72170e-13
       6099.44   3.70840e-13
       6104.32   3.69180e-13
       6109.19   3.68160e-13
       6114.07   3.68000e-13
       6118.95   3.66790e-13
       6123.83   3.65660e-13
       6128.70   3.65610e-13
       6133.58   3.64330e-13
       6138.46   3.63150e-13
       6143.34   3.61890e-13
       6148.21   3.61780e-13
       6153.09   3.60080e-13
       6157.97   3.58170e-13
       6162.85   3.56940e-13
       6167.72   3.57030e-13
       6172.60   3.55430e-13
       6177.48   3.54340e-13
       6182.36   3.52530e-13
       6187.24   3.51920e-13
       6192.11   3.52280e-13
       6196.99   3.51490e-13
       6201.87   3.50230e-13
       6206.75   3.49850e-13
       6211.63   3.46940e-13
       6216.50   3.45340e-13
       6221.38   3.43070e-13
       6226.26   3.42760e-13
       6231.14   3.42320e-13
       6236.02   3.41030e-13
       6240.90   3.40680e-13
       6245.77   3.39570e-13
       6250.65   3.38610e-13
       6255.53   3.37690e-13
       6260.41   3.37610e-13
       6265.29   3.36750e-13
       6270.17   3.35580e-13
       6275.04   3.33690e-13
       6279.92   3.33220e-13
       6284.80   3.34430e-13
       6289.68   3.32080e-13
       6294.56   3.30250e-13
       6299.44   3.27760e-13
       6304.32   3.27560e-13
       6309.20   3.27830e-13
       6314.07   3.25090e-13
       6318.95   3.22510e-13
       6323.83   3.22040e-13
       6328.71   3.19080e-13
       6333.59   3.17720e-13
       6338.47   3.17020e-13
       6343.35   3.17870e-13
       6348.23   3.17120e-13
       6353.11   3.16950e-13
       6357.99   3.17860e-13
       6362.86   3.15490e-13
       6367.74   3.14930e-13
       6372.62   3.14200e-13
       6377.50   3.12200e-13
       6382.38   3.10360e-13
       6387.26   3.09940e-13
       6392.14   3.08850e-13
       6397.02   3.07650e-13
       6401.90   3.06410e-13
       6406.78   3.05460e-13
       6411.66   3.03940e-13
       6416.54   3.03770e-13
       6421.42   3.03960e-13
       6426.30   3.03170e-13
       6431.18   3.02910e-13
       6436.06   3.02640e-13
       6440.94   3.02210e-13
       6445.82   3.01270e-13
       6450.70   3.01210e-13
       6455.58   3.01370e-13
       6460.46   3.00340e-13
       6465.34   2.99120e-13
       6470.22   2.96610e-13
       6475.10   2.96440e-13
       6479.98   2.95600e-13
       6484.86   2.95270e-13
       6489.74   2.94230e-13
       6494.62   2.92450e-13
       6499.50   2.91660e-13
       6504.38   2.90150e-13
       6509.26   2.89290e-13
       6514.14   2.86900e-13
       6519.02   2.84380e-13
       6523.90   2.82330e-13
       6528.78   2.80460e-13
       6533.66   2.79050e-13
       6538.54   2.77770e-13
       6543.42   2.75560e-13
       6548.30   2.68830e-13
       6553.18   2.59940e-13
       6558.06   2.48270e-13
       6562.94   2.41980e-13
       6567.82   2.48240e-13
       6572.70   2.58590e-13
       6577.58   2.66220e-13
       6582.46   2.71310e-13
       6587.34   2.74190e-13
       6592.22   2.76030e-13
       6597.11   2.75220e-13
       6601.99   2.76370e-13
       6606.87   2.75500e-13
       6611.75   2.74510e-13
       6616.63   2.73670e-13
       6621.51   2.73870e-13
       6626.39   2.72700e-13
       6631.27   2.71750e-13
       6636.15   2.71450e-13
       6641.03   2.70590e-13
       6645.91   2.68680e-13
       6650.80   2.66800e-13
       6655.68   2.66200e-13
       6660.56   2.64100e-13
       6665.44   2.62330e-13
       6670.32   2.60230e-13
       6675.20   2.57820e-13
       6680.08   2.56660e-13
       6684.96   2.55870e-13
       6689.84   2.54550e-13
       6694.73   2.55100e-13
       6699.61   2.56460e-13
       6704.49   2.56790e-13
       6709.37   2.57540e-13
       6714.25   2.56550e-13
       6719.13   2.56900e-13
       6724.01   2.56140e-13
       6728.90   2.56080e-13
       6733.78   2.55540e-13
       6738.66   2.55190e-13
       6743.54   2.54960e-13
       6748.42   2.54740e-13
       6753.30   2.53870e-13
       6758.19   2.52650e-13
       6763.07   2.51740e-13
       6767.95   2.50930e-13
       6772.83   2.50020e-13
       6777.71   2.50180e-13
       6782.59   2.48710e-13
       6787.48   2.48670e-13
       6792.36   2.48390e-13
       6797.24   2.46630e-13
       6802.12   2.45880e-13
       6807.00   2.45050e-13
       6811.89   2.44350e-13
       6816.77   2.44000e-13
       6821.65   2.42890e-13
       6826.53   2.42860e-13
       6831.41   2.42250e-13
       6836.30   2.41330e-13
       6841.18   2.39970e-13
       6846.06   2.39230e-13
       6850.94   2.38840e-13
       6855.82   2.37240e-13
       6860.71   2.35480e-13
       6865.59   2.34770e-13
       6870.47   2.32190e-13
       6875.35   2.29360e-13
       6880.24   2.28190e-13
       6885.12   2.26660e-13
       6890.00   2.24960e-13
       6894.88   2.23530e-13
       6899.76   2.24520e-13
       6904.65   2.26040e-13
       6909.53   2.27010e-13
       6914.41   2.27240e-13
       6919.29   2.27200e-13
       6924.18   2.27950e-13
       6929.06   2.27330e-13
       6933.94   2.27290e-13
       6938.82   2.26930e-13
       6943.71   2.26520e-13
       6948.59   2.26350e-13
       6953.47   2.25950e-13
       6958.35   2.25720e-13
       6963.24   2.25180e-13
       6968.12   2.24860e-13
       6973.00   2.24430e-13
       6977.89   2.24180e-13
       6982.77   2.23560e-13
       6987.65   2.22100e-13
       6992.53   2.22130e-13
       6997.42   2.21340e-13
       7002.30   2.20290e-13
       7007.18   2.19570e-13
       7012.06   2.18650e-13
       7016.95   2.17420e-13
       7021.83   2.17300e-13
       7026.71   2.17640e-13
       7031.60   2.16830e-13
       7036.48   2.15640e-13
       7041.36   2.15170e-13
       7046.25   2.14690e-13
       7051.13   2.13380e-13
       7056.01   2.12150e-13
       7060.89   2.10900e-13
       7065.78   2.08910e-13
       7070.66   2.08990e-13
       7075.54   2.10810e-13
       7080.43   2.10290e-13
       7085.31   2.09420e-13
       7090.19   2.08750e-13
       7095.08   2.08070e-13
       7099.96   2.07230e-13
       7104.84   2.07090e-13
       7109.73   2.06600e-13
       7114.61   2.05450e-13
       7119.49   2.05190e-13
       7124.38   2.04020e-13
       7129.26   2.03780e-13
       7134.14   2.03560e-13
       7139.02   2.02770e-13
       7143.91   2.02090e-13
       7148.79   2.01380e-13
       7153.68   1.99320e-13
       7158.56   1.97390e-13
       7163.44   1.95680e-13
       7168.33   1.92690e-13
       7173.21   1.90800e-13
       7178.09   1.88500e-13
       7182.98   1.88510e-13
       7187.86   1.89610e-13
       7192.74   1.91150e-13
       7197.63   1.93010e-13
       7202.51   1.93810e-13
       7207.39   1.94120e-13
       7212.28   1.94490e-13
       7217.16   1.94910e-13
       7222.04   1.95040e-13
       7226.93   1.94230e-13
       7231.81   1.93520e-13
       7236.69   1.93700e-13
       7241.58   1.94420e-13
       7246.46   1.94270e-13
       7251.35   1.92790e-13
       7256.23   1.91820e-13
       7261.11   1.90590e-13
       7266.00   1.90480e-13
       7270.88   1.90590e-13
       7275.76   1.90110e-13
       7280.65   1.88900e-13
       7285.53   1.89230e-13
       7290.42   1.88900e-13
       7295.30   1.88610e-13
       7300.18   1.88060e-13
       7305.07   1.87560e-13
       7309.95   1.87080e-13
       7314.83   1.86130e-13
       7319.72   1.85430e-13
       7324.60   1.84770e-13
       7329.49   1.84150e-13
       7334.37   1.84580e-13
       7339.25   1.84330e-13
       7344.14   1.83620e-13
       7349.02   1.82650e-13
       7353.91   1.82590e-13
       7358.79   1.81690e-13
       7363.67   1.81380e-13
       7368.56   1.81120e-13
       7373.44   1.80460e-13
       7378.33   1.80780e-13
       7383.21   1.80100e-13
       7388.09   1.80020e-13
       7392.98   1.79640e-13
       7397.86   1.77980e-13
       7402.75   1.76940e-13
       7407.63   1.76890e-13
       7412.51   1.77290e-13
       7417.40   1.76370e-13
       7422.28   1.75320e-13
       7427.17   1.75550e-13
       7432.05   1.75270e-13
       7436.93   1.75000e-13
       7441.82   1.73930e-13
       7446.70   1.73240e-13
       7451.59   1.72980e-13
       7456.47   1.72750e-13
       7461.36   1.72390e-13
       7466.24   1.71590e-13
       7471.12   1.71410e-13
       7476.01   1.71450e-13
       7480.89   1.71070e-13
       7485.78   1.70730e-13
       7490.66   1.69500e-13
       7495.54   1.69120e-13
       7500.43   1.68740e-13
       7505.31   1.67920e-13
       7510.20   1.67510e-13
       7515.08   1.67550e-13
       7519.97   1.67700e-13
       7524.85   1.67120e-13
       7529.73   1.66450e-13
       7534.62   1.65790e-13
       7539.50   1.65190e-13
       7544.39   1.64300e-13
       7549.27   1.63240e-13
       7554.16   1.62100e-13
       7559.04   1.62070e-13
       7563.93   1.61060e-13
       7568.81   1.60010e-13
       7573.69   1.57900e-13
       7578.58   1.55910e-13
       7583.46   1.53370e-13
       7588.35   1.50340e-13
       7593.23   1.48300e-13
       7598.12   1.48130e-13
       7603.00   1.50320e-13
       7607.88   1.52590e-13
       7612.77   1.54170e-13
       7617.65   1.55090e-13
       7622.54   1.55660e-13
       7627.42   1.55910e-13
       7632.31   1.56140e-13
       7637.19   1.55980e-13
       7642.08   1.55510e-13
       7646.96   1.55620e-13
       7651.84   1.55820e-13
       7656.73   1.55430e-13
       7661.61   1.55850e-13
       7666.50   1.54770e-13
       7671.38   1.54070e-13
       7676.27   1.54620e-13
       7681.15   1.54310e-13
       7686.04   1.53550e-13
       7690.92   1.52710e-13
       7695.80   1.51760e-13
       7700.69   1.51310e-13
       7705.57   1.51340e-13
       7710.46   1.51390e-13
       7715.34   1.51240e-13
       7720.23   1.51090e-13
       7725.11   1.50800e-13
       7730.00   1.50840e-13
       7734.88   1.50400e-13
       7739.77   1.49530e-13
       7744.65   1.48990e-13
       7749.53   1.48210e-13
       7754.42   1.48380e-13
       7759.30   1.47600e-13
       7764.19   1.47400e-13
       7769.07   1.47350e-13
       7773.96   1.47790e-13
       7778.84   1.46920e-13
       7783.73   1.46310e-13
       7788.61   1.46100e-13
       7793.50   1.45730e-13
       7798.38   1.45330e-13
       7803.26   1.45090e-13
       7808.15   1.44020e-13
       7813.03   1.44090e-13
       7817.92   1.43850e-13
       7822.80   1.44100e-13
       7827.69   1.43520e-13
       7832.57   1.42890e-13
       7837.46   1.42530e-13
       7842.34   1.42420e-13
       7847.23   1.41890e-13
       7852.11   1.41620e-13
       7856.99   1.41610e-13
       7861.88   1.40380e-13
       7866.76   1.40630e-13
       7871.65   1.40190e-13
       7876.53   1.39740e-13
       7881.42   1.39440e-13
       7886.30   1.39450e-13
       7891.19   1.39130e-13
       7896.07   1.39430e-13
       7900.96   1.40030e-13
       7905.84   1.39310e-13
       7910.72   1.38270e-13
       7915.61   1.37330e-13
       7920.49   1.36390e-13
       7925.38   1.35840e-13
       7930.26   1.35700e-13
       7935.15   1.35870e-13
       7940.03   1.35460e-13
       7944.92   1.34930e-13
       7949.80   1.35210e-13
       7954.69   1.34740e-13
       7959.57   1.34420e-13
       7964.45   1.34490e-13
       7969.34   1.34160e-13
       7974.22   1.34170e-13
       7979.11   1.34370e-13
       7983.99   1.33510e-13
       7988.88   1.33250e-13
       7993.76   1.32440e-13
       7998.65   1.31740e-13
       8003.53   1.31160e-13
       8008.41   1.30310e-13
       8013.30   1.30310e-13
       8018.18   1.30410e-13
       8023.07   1.30210e-13
       8027.95   1.30450e-13
       8032.84   1.30610e-13
       8037.72   1.29780e-13
       8042.61   1.29050e-13
       8047.49   1.28520e-13
       8052.38   1.27910e-13
       8057.26   1.27440e-13
       8062.14   1.27050e-13
       8067.03   1.27090e-13
       8071.91   1.27770e-13
       8076.80   1.27990e-13
       8081.68   1.27790e-13
       8086.57   1.26950e-13
       8091.45   1.25790e-13
       8096.33   1.25170e-13
       8101.22   1.25320e-13
       8106.10   1.25100e-13
       8110.99   1.24750e-13
       8115.87   1.24970e-13
       8120.76   1.24310e-13
       8125.64   1.24180e-13
       8130.53   1.23720e-13
       8135.41   1.23470e-13
       8140.29   1.22930e-13
       8145.18   1.22550e-13
       8150.06   1.22150e-13
       8154.95   1.22420e-13
       8159.83   1.21980e-13
       8164.72   1.21580e-13
       8169.60   1.21280e-13
       8174.48   1.20900e-13
       8179.37   1.20700e-13
       8184.25   1.19590e-13
       8189.14   1.19210e-13
       8194.02   1.18710e-13
       8198.91   1.17900e-13
       8203.79   1.17530e-13
       8208.67   1.16380e-13
       8213.56   1.15610e-13
       8218.44   1.14180e-13
       8223.33   1.13030e-13
       8228.21   1.11200e-13
       8233.10   1.09260e-13
       8237.98   1.07210e-13
       8242.86   1.06600e-13
       8247.75   1.08090e-13
       8252.63   1.09810e-13
       8257.52   1.11530e-13
       8262.40   1.12590e-13
       8267.29   1.12680e-13
       8272.17   1.13410e-13
       8277.05   1.13760e-13
       8281.94   1.13680e-13
       8286.82   1.13370e-13
       8291.71   1.13140e-13
       8296.59   1.12860e-13
       8301.47   1.12000e-13
       8306.36   1.11780e-13
       8311.24   1.12210e-13
       8316.13   1.13420e-13
       8321.01   1.12850e-13
       8325.89   1.12790e-13
       8330.78   1.12610e-13
       8335.66   1.11900e-13
       8340.55   1.11640e-13
       8345.43   1.11040e-13
       8350.31   1.11020e-13
       8355.20   1.10200e-13
       8360.08   1.09910e-13
       8364.97   1.09920e-13
       8369.85   1.09940e-13
       8374.73   1.09660e-13
       8379.62   1.09940e-13
       8384.50   1.09780e-13
       8389.38   1.09760e-13
       8394.27   1.08890e-13
       8399.15   1.08320e-13
       8404.04   1.08240e-13
       8408.92   1.08340e-13
       8413.80   1.08650e-13
       8418.69   1.07800e-13
       8423.57   1.08000e-13
       8428.46   1.07990e-13
       8433.34   1.07470e-13
       8438.22   1.07390e-13
       8443.11   1.06880e-13
       8447.99   1.06210e-13
       8452.87   1.05740e-13
       8457.76   1.05540e-13
       8462.64   1.06200e-13
       8467.53   1.06060e-13
       8472.41   1.06280e-13
       8477.29   1.05760e-13
       8482.18   1.05760e-13
       8487.06   1.05560e-13
       8491.94   1.05170e-13
       8496.83   1.04930e-13
       8501.71   1.04430e-13
       8506.59   1.04460e-13
       8511.48   1.03840e-13
       8516.36   1.03220e-13
       8521.25   1.02740e-13
       8526.13   1.02720e-13
       8531.01   1.02680e-13
       8535.90   1.02130e-13
       8540.78   1.02080e-13
       8545.66   1.02100e-13
       8550.54   1.02240e-13
       8555.43   1.01990e-13
       8560.31   1.01200e-13
       8565.20   1.02000e-13
       8570.08   1.02070e-13
       8574.96   1.01790e-13
       8579.85   1.01380e-13
       8584.73   1.00670e-13
       8589.61   1.00390e-13
       8594.50   9.94590e-14
       8599.38   9.87910e-14
       8604.26   9.87920e-14
       8609.14   9.86610e-14
       8614.03   9.88050e-14
       8618.91   9.88270e-14
       8623.79   9.89100e-14
       8628.68   9.85450e-14
       8633.56   9.85090e-14
       8638.44   9.83270e-14
       8643.33   9.76130e-14
       8648.21   9.73460e-14
       8653.09   9.72080e-14
       8657.98   9.75530e-14
       8662.86   9.71560e-14
       8667.74   9.61190e-14
       8672.62   9.57990e-14
       8677.51   9.64320e-14
       8682.39   9.60490e-14
       8687.27   9.56340e-14
       8692.16   9.55420e-14
       8697.04   9.58320e-14
       8701.92   9.64260e-14
       8706.80   9.60660e-14
       8711.69   9.52010e-14
       8716.57   9.46350e-14
       8721.45   9.40450e-14
       8726.34   9.34300e-14
       8731.22   9.35820e-14
       8736.10   9.34940e-14
       8740.98   9.29520e-14
       8745.87   9.29010e-14
       8750.75   9.30340e-14
       8755.63   9.30300e-14
       8760.51   9.31180e-14
       8765.40   9.35690e-14
       8770.28   9.30930e-14
       8775.16   9.23200e-14
       8780.04   9.21960e-14
       8784.93   9.18210e-14
       8789.81   9.13170e-14
       8794.69   9.10290e-14
       8799.57   9.08770e-14
       8804.46   9.10780e-14
       8809.34   9.09830e-14
       8814.22   9.12850e-14
       8819.10   9.08080e-14
       8823.99   9.03410e-14
       8828.87   8.96630e-14
       8833.75   8.91330e-14
       8838.63   8.93310e-14
       8843.52   8.96710e-14
       8848.40   8.96810e-14
       8853.28   8.95890e-14
       8858.16   8.90060e-14
       8863.04   8.82470e-14
       8867.93   8.79820e-14
       8872.81   8.74230e-14
       8877.69   8.73440e-14
       8882.57   8.76530e-14
       8887.45   8.73070e-14
       8892.34   8.69920e-14
       8897.22   8.69100e-14
       8902.10   8.70140e-14
       8906.98   8.65980e-14
       8911.86   8.63320e-14
       8916.75   8.62380e-14
       8921.63   8.63390e-14
       8926.51   8.61860e-14
       8931.39   8.57740e-14
       8936.27   8.54640e-14
       8941.15   8.49140e-14
       8946.04   8.45570e-14
       8950.92   8.47210e-14
       8955.80   8.49950e-14
       8960.68   8.48120e-14
       8965.56   8.48160e-14
       8970.44   8.44530e-14
       8975.33   8.38150e-14
       8980.21   8.36570e-14
       8985.09   8.34810e-14
       8989.97   8.36900e-14
       8994.85   8.40220e-14
       8999.73   8.37850e-14
       9004.61   8.33680e-14
       9009.50   8.28770e-14
       9014.38   8.27630e-14
       9019.26   8.27010e-14
       9024.14   8.26030e-14
       9029.02   8.27110e-14
       9033.90   8.23450e-14
       9038.78   8.20830e-14
       9043.67   8.13710e-14
       9048.55   8.12030e-14
       9053.43   8.11560e-14
       9058.31   8.08080e-14
       9063.19   8.08140e-14
       9068.07   8.10840e-14
       9072.95   8.12890e-14
       9077.83   8.12510e-14
       9082.71   8.09320e-14
       9087.59   8.04120e-14
       9092.47   8.00490e-14
       9097.36   7.95700e-14
       9102.24   7.98590e-14
       9107.12   8.00050e-14
       9112.00   7.97330e-14
       9116.88   7.96530e-14
       9121.76   7.93330e-14
       9126.64   7.87740e-14
       9131.52   7.81810e-14
       9136.40   7.79660e-14
       9141.28   7.84320e-14
       9146.16   7.89390e-14
       9151.04   7.89780e-14
       9155.92   7.87560e-14
       9160.80   7.82640e-14
       9165.68   7.77060e-14
       9170.57   7.73660e-14
       9175.45   7.69770e-14
       9180.33   7.69970e-14
       9185.21   7.72780e-14
       9190.09   7.69550e-14
       9194.97   7.69020e-14
       9199.85   7.71260e-14
       9204.73   7.68620e-14
       9209.61   7.61220e-14
       9214.49   7.54110e-14
       9219.37   7.50960e-14
       9224.25   7.47640e-14
       9229.13   7.47360e-14
       9234.01   7.46140e-14
       9238.89   7.51500e-14
       9243.77   7.45840e-14
       9248.65   7.44040e-14
       9253.53   7.41730e-14
       9258.41   7.44970e-14
       9263.29   7.48210e-14
       9268.17   7.42690e-14
       9273.05   7.40680e-14
       9277.93   7.38600e-14
       9282.81   7.33810e-14
       9287.69   7.34850e-14
       9292.57   7.35610e-14
       9297.45   7.32320e-14
       9302.32   7.37650e-14
       9307.20   7.30470e-14
       9312.08   7.17560e-14
       9316.96   7.09010e-14
       9321.84   7.00770e-14
       9326.72   6.92320e-14
       9331.60   6.83000e-14
       9336.48   6.73280e-14
       9341.36   6.60100e-14
       9346.24   6.49100e-14
       9351.12   6.51850e-14
       9356.00   6.57660e-14
       9360.88   6.69270e-14
       9365.76   6.81370e-14
       9370.63   6.89100e-14
       9375.51   6.91790e-14
       9380.39   6.95920e-14
       9385.27   6.93790e-14
       9390.15   6.92470e-14
       9395.03   6.99430e-14
       9399.91   7.00470e-14
       9404.79   6.97710e-14
       9409.67   6.98160e-14
       9414.54   6.96440e-14
       9419.42   6.94180e-14
       9424.30   6.92290e-14
       9429.18   6.91890e-14
       9434.06   6.93750e-14
       9438.94   6.94090e-14
       9443.82   6.92590e-14
       9448.69   6.94100e-14
       9453.57   6.90680e-14
       9458.45   6.84520e-14
       9463.33   6.76190e-14
       9468.21   6.72720e-14
       9473.09   6.74740e-14
       9477.96   6.71930e-14
       9482.84   6.71030e-14
       9487.72   6.71080e-14
       9492.60   6.75620e-14
       9497.48   6.75580e-14
       9502.36   6.71680e-14
       9507.23   6.70630e-14
       9512.11   6.66850e-14
       9516.99   6.67420e-14
       9521.87   6.68540e-14
       9526.75   6.61080e-14
       9531.62   6.55710e-14
       9536.50   6.49380e-14
       9541.38   6.47000e-14
       9546.26   6.50250e-14
       9551.13   6.49540e-14
       9556.01   6.51510e-14
       9560.89   6.49590e-14
       9565.77   6.44530e-14
       9570.64   6.48250e-14
       9575.52   6.50020e-14
       9580.40   6.45780e-14
       9585.28   6.48500e-14
       9590.15   6.50900e-14
       9595.03   6.49630e-14
       9599.91   6.54570e-14
       9604.79   6.48330e-14
       9609.66   6.44580e-14
       9614.54   6.40800e-14
       9619.42   6.35930e-14
       9624.29   6.38260e-14
       9629.17   6.36090e-14
       9634.05   6.31690e-14
       9638.92   6.26300e-14
       9643.80   6.24070e-14
       9648.68   6.30060e-14
       9653.56   6.35390e-14
       9658.43   6.34970e-14
       9663.31   6.34870e-14
       9668.19   6.34040e-14
       9673.06   6.33650e-14
       9677.94   6.28670e-14
       9682.82   6.22080e-14
       9687.69   6.19090e-14
       9692.57   6.19470e-14
       9697.45   6.20060e-14
       9702.32   6.21220e-14
       9707.20   6.23720e-14
       9712.07   6.16410e-14
       9716.95   6.09720e-14
       9721.83   6.09150e-14
       9726.70   6.09610e-14
       9731.58   6.14130e-14
       9736.46   6.13900e-14
       9741.33   6.06280e-14
       9746.21   6.04710e-14
       9751.08   6.00600e-14
       9755.96   6.01560e-14
       9760.83   5.97980e-14
       9765.71   6.01350e-14
       9770.59   6.02820e-14
       9775.46   6.03030e-14
       9780.34   5.98870e-14
       9785.21   5.95880e-14
       9790.09   5.96660e-14
       9794.96   5.92000e-14
       9799.84   5.95210e-14
       9804.72   5.96210e-14
       9809.59   5.94880e-14
       9814.47   5.92500e-14
       9819.34   5.91190e-14
       9824.22   5.92230e-14
       9829.09   5.90550e-14
       9833.97   5.90580e-14
       9838.84   5.97400e-14
       9843.72   5.99870e-14
       9848.59   5.94730e-14
       9853.47   5.90970e-14
       9858.34   5.88860e-14
       9863.22   5.87060e-14
       9868.09   5.87350e-14
       9872.97   5.78940e-14
       9877.84   5.77520e-14
       9882.72   5.75740e-14
       9887.59   5.78330e-14
       9892.47   5.81320e-14
       9897.34   5.82520e-14
       9902.22   5.80630e-14
       9907.09   5.76160e-14
       9911.96   5.75650e-14
       9916.84   5.68670e-14
       9921.71   5.67890e-14
       9926.59   5.66530e-14
       9931.46   5.69030e-14
       9936.34   5.70740e-14
       9941.21   5.67070e-14
       9946.08   5.63430e-14
       9950.96   5.68100e-14
       9955.83   5.66400e-14
       9960.71   5.68630e-14
       9965.58   5.62200e-14
       9970.45   5.58250e-14
       9975.33   5.57930e-14
       9980.20   5.60880e-14
       9985.08   5.59520e-14
       9989.95   5.59190e-14
       9994.82   5.59020e-14
       9999.70   5.59660e-14
       10004.6   5.58430e-14
       10009.4   5.55620e-14
       10014.3   5.53360e-14
       10019.2   5.54510e-14
       10024.1   5.42940e-14
       10028.9   5.40680e-14
       10033.8   5.40890e-14
       10038.7   5.41750e-14
       10043.6   5.38630e-14
       10048.4   5.37750e-14
       10053.3   5.31380e-14
       10058.2   5.36260e-14
       10063.0   5.28440e-14
       10067.9   5.28420e-14
       10072.8   5.32020e-14
       10077.7   5.32620e-14
       10082.5   5.30230e-14
       10087.4   5.32790e-14
       10092.3   5.28070e-14
       10097.2   5.27000e-14
       10102.0   5.20670e-14
       10106.9   5.12650e-14
       10111.8   5.04170e-14
       10116.6   4.99270e-14
       10121.5   4.90490e-14
       10126.4   4.86590e-14
       10131.3   4.84950e-14
       10136.1   4.95220e-14
       10141.0   5.01640e-14
       10145.9   5.06790e-14
       10150.8   5.11280e-14
       10155.6   5.14680e-14
       10160.5   5.20770e-14
       10165.4   5.16700e-14
       10170.2   5.15060e-14
       10175.1   5.12200e-14
       10180.0   5.16370e-14
       10184.9   5.16450e-14
       10189.7   5.18310e-14
       10194.6   5.20160e-14
       10199.5   5.17540e-14
       10204.3   5.16440e-14
       10209.2   5.23160e-14
       10214.1   5.23400e-14
       10219.0   5.17590e-14
       10223.8   5.16000e-14
